29,15,4,1,55.549382000000016
30,13,4,4,36.964585
30,13,6,6,13.681325000000001
30,14,3,3,45.429629000000006
30,14,3,4,36.964585
30,14,3,7,12.821081
30,14,4,3,25.885853
30,14,4,4,57.53432510000001
30,14,6,7,31.440269
30,15,3,4,34.479662
30,15,4,4,27.596627100000006
30,15,4,5,17.924473
30,15,4,7,14.692145999999997
30,15,5,4,19.6872557
30,15,7,4,20.0114264
30,15,7,5,2.9658993
30,15,7,8,31.005785300000003
30,15,8,7,9.8285376
30,15,8,8,10.113347999999998
30,16,4,4,34.479662
30,16,4,5,6.7402202
30,16,5,4,44.425031000000004
30,16,5,5,12.802969899999999
30,16,5,7,11.90847
30,16,7,8,11.749493000000001
30,16,8,5,11.539276
30,16,8,8,20.583507
30,17,4,4,36.405705
30,17,4,5,9.217971
30,17,5,5,45.818598
30,17,5,7,3.1796107000000005
30,17,7,7,30.681216999999997
30,18,4,4,42.80968299999999
30,18,4,7,9.945369
30,18,7,5,17.766567000000002
30,18,7,7,0.7993888000000001
31,11,4,3,36.964585
31,12,4,3,36.964585
31,12,6,6,13.681325000000001
31,13,6,6,37.714501999999996
31,13,7,4,36.964585
31,13,7,7,9.126543999999999
31,14,6,6,31.440269
31,14,6,7,31.461276000000005
31,14,7,4,11.693492999999998
31,14,7,7,57.069225500000016
31,14,8,7,13.371743
31,15,4,4,15.241023
31,15,4,5,19.988843
31,15,4,7,9.0546806
31,15,5,5,4.8613971000000005
31,15,5,7,3.1610109999999993
31,15,7,4,5.027009400000001
31,15,7,5,13.470526999999999
31,15,7,7,63.0735784
31,15,7,8,18.6137343
31,15,8,4,14.614999
31,15,8,5,3.5660296
31,15,8,7,5.3478684
31,15,8,8,49.594244
31,16,4,5,19.988843
31,16,5,4,3.993090500000001
31,16,5,5,2.9832439000000006
31,16,5,7,4.1595189999999995
31,16,7,5,19.317263000000004
31,16,7,7,21.0057883
31,16,7,8,8.435827399999999
31,16,8,8,48.17325800000001
31,17,4,7,1.6424226000000002
31,17,5,5,3.2115726999999996
31,17,5,7,3.1796107000000005
31,17,7,7,36.226311100000004
31,17,8,8,33.265085000000006
31,18,4,7,5.6876792
31,18,5,7,7.4947040000000005
31,18,5,8,6.670365800000001
31,18,7,5,17.766567000000002
31,18,7,7,38.361096200000006
31,19,7,4,17.766567000000002
32,11,6,6,13.681325000000001
32,11,7,4,36.964585
32,12,6,6,37.714501999999996
32,13,6,6,28.652575000000002
32,13,6,7,25.885853
32,13,7,7,9.126543999999999
32,14,6,6,4.6193679
32,14,6,7,25.885853
32,14,7,7,12.526829000000001
32,14,8,8,3.6945327999999993
32,15,5,7,17.038287
32,15,7,4,10.468591000000002
32,15,7,5,12.738054000000002
32,15,7,7,80.83441099999999
32,15,7,8,2.7437564
32,15,8,7,16.95148
32,15,8,8,45.65465799999999
32,16,3,3,36.405705
32,16,5,7,17.038287
32,16,7,5,7.7432039999999995
32,16,7,7,68.93772200000002
32,16,7,8,51.87833000000001
32,16,8,7,14.614999
32,16,8,8,50.130080000000014
32,17,4,7,1.6424226000000002
32,17,7,5,17.32073
32,17,7,7,25.806442200000003
32,17,7,8,21.304913
32,18,4,7,7.4947040000000005
32,18,7,7,20.928272399999997
32,19,7,7,17.766567000000002
33,8,7,7,36.405705
33,9,3,3,36.405705
33,10,3,3,36.405705
33,10,6,6,13.681325000000001
33,11,3,3,36.405705
33,11,6,3,9.126543999999999
33,11,6,6,13.681325000000001
33,11,7,4,36.964585
33,12,3,3,36.405705
33,12,6,3,9.126543999999999
33,12,6,6,28.652575000000002
33,12,7,6,25.885853
33,13,3,3,36.405705
33,13,6,3,9.126543999999999
33,13,6,6,30.505230000000005
33,14,3,3,36.405705
33,14,7,7,12.526829000000001
33,15,3,3,36.405705
33,15,4,4,21.183805999999997
33,15,7,4,8.729588
33,15,7,7,24.71260679999999
33,15,7,8,13.63383
33,15,8,7,10.930181500000002
33,15,8,8,65.64541899999999
33,16,3,3,36.405705
33,16,4,5,21.183805999999997
33,16,5,3,20.715618
33,16,6,6,10.922960999999999
33,16,7,5,12.738054000000002
33,16,7,7,80.55927600000001
33,16,7,8,46.487266700000006
33,16,8,7,9.081653000000001
33,16,8,8,74.99581599999998
33,17,4,5,18.584797000000002
33,17,7,3,20.715618
33,17,7,5,9.576266
33,17,7,7,48.47748570000001
33,17,7,8,24.651011
33,17,8,7,22.453395999999998
33,17,8,8,5.492839099999999
33,18,6,7,34.479662
33,18,7,4,19.317263000000004
33,18,7,7,36.04643630000001
33,19,7,7,17.766567000000002
34,8,7,7,36.405705
34,9,7,7,13.681325000000001
34,10,6,6,24.033177
34,10,7,3,9.126543999999999
34,10,7,6,13.681325000000001
34,11,6,6,28.652575000000002
34,11,7,3,9.126543999999999
34,11,7,4,36.964585
34,12,4,4,36.964585
34,12,6,6,4.6193679
34,12,7,6,25.885853
34,13,4,3,36.964585
34,14,5,7,12.526829000000001
34,15,5,7,8.428735
34,15,7,4,15.848672
34,15,7,7,36.41392300000001
34,15,8,7,22.353198000000003
34,15,8,8,20.082869799999997
34,16,3,7,21.390487999999998
34,16,6,6,1.8237086
34,16,7,7,61.207902000000004
34,16,7,8,14.913962
34,16,8,8,40.540444
34,17,4,5,18.584797000000002
34,17,6,6,1.8237086
34,17,7,5,15.33707
34,17,7,7,34.14791869999999
34,17,7,8,24.651011
34,17,8,8,32.325566
34,18,5,7,8.330020999999999
34,18,6,5,34.479662
34,18,7,4,10.024875000000002
34,18,7,7,37.28287080000001
34,18,7,8,5.994883300000001
34,19,5,7,8.330020999999999
34,19,7,7,17.766567000000002
35,8,7,7,36.405705
35,9,7,7,13.681325000000001
35,10,6,6,31.440269
35,10,7,7,9.126543999999999
35,11,6,6,7.407070999999999
35,11,7,7,31.461276000000005
35,12,4,6,36.964585
35,12,7,4,18.482295999999998
35,13,2,4,36.964585
35,13,4,3,36.964585
35,13,4,4,36.964585
35,13,5,4,18.482295999999998
35,13,7,4,36.964585
35,14,2,4,36.964585
35,14,5,4,36.964585
35,15,4,4,15.848672
35,15,5,7,4.306424499999999
35,15,7,4,16.350096
35,15,7,7,30.801225000000002
35,15,8,7,22.353198000000003
35,15,8,8,5.3328058
35,16,5,4,16.350096
35,16,5,5,15.848672
35,16,5,7,8.428735
35,16,6,6,1.8237086
35,16,7,7,76.92663999999998
35,16,7,8,26.059145
35,16,8,7,11.929370600000002
35,16,8,8,37.08110980000001
35,17,4,8,27.648453
35,17,5,4,16.350096
35,17,5,5,14.692145999999997
35,17,6,8,14.614999
35,17,7,4,32.723082
35,17,7,5,15.848672
35,17,7,6,24.302355000000002
35,17,7,7,51.22309569999999
35,17,8,7,11.929370600000002
35,17,8,8,15.779710800000004
35,18,4,5,16.350096
35,18,7,5,14.692145999999997
35,18,7,7,22.039308899999998
35,18,7,8,24.651011
35,18,8,8,31.626226799999998
35,19,4,7,8.330020999999999
35,19,7,7,17.766567000000002
36,8,6,6,13.681325000000001
36,8,7,7,36.405705
36,9,6,3,13.681325000000001
36,9,6,6,31.440269
36,9,7,7,9.126543999999999
36,10,6,6,33.292917
36,10,6,7,9.126543999999999
36,11,6,6,25.885853
36,11,7,7,5.5754111
36,12,4,4,36.964585
36,12,7,4,36.964585
36,13,2,4,36.964585
36,13,7,7,36.964585
36,15,4,4,15.241023
36,15,5,4,20.753166
36,15,5,7,5.494222300000001
36,15,7,7,20.460447
36,15,8,7,22.353198000000003
36,15,8,8,5.5837859000000005
36,16,5,4,20.753166
36,16,5,5,15.241023
36,16,5,7,4.306424499999999
36,16,7,5,17.038287
36,16,7,7,72.912042
36,16,7,8,26.048423800000002
36,16,8,7,14.987699999999998
36,16,8,8,41.909546000000006
36,17,5,7,12.526829000000001
36,17,7,4,10.807229999999999
36,17,7,5,7.190834000000001
36,17,7,7,60.13671299999999
36,17,7,8,55.677848800000014
36,17,8,7,26.917071999999997
36,17,8,8,31.155334000000003
36,18,7,4,16.350096
36,18,7,5,14.692145999999997
36,18,7,7,17.5232939
36,18,7,8,42.263452
36,18,8,7,29.414644000000003
36,18,8,8,21.684595800000004
36,19,7,7,38.44680000000001
36,19,8,8,6.660432099999999
37,8,7,7,50.087030000000006
37,9,7,7,19.755246000000003
37,10,6,6,25.885853
37,11,8,8,5.5754111
37,12,4,4,36.964585
37,12,7,4,36.964585
37,13,7,4,36.964585
37,15,8,8,20.460447
37,16,5,7,14.588811999999999
37,16,5,8,13.975059
37,16,7,7,47.789623000000006
37,16,8,7,2.7437564
37,16,8,8,13.946681
37,17,5,7,11.925410000000001
37,17,5,8,13.975059
37,17,7,4,10.719310000000002
37,17,7,5,13.361648999999998
37,17,7,7,67.86047099999998
37,17,7,8,35.730044
37,17,8,7,18.553731
37,17,8,8,24.176908
37,18,4,8,10.800068999999999
37,18,5,7,12.526829000000001
37,18,5,8,13.975059
37,18,7,4,16.350096
37,18,7,5,13.361648999999998
37,18,7,7,14.9256569
37,18,8,7,10.113347999999998
37,18,8,8,14.614999
37,19,7,7,28.3171028
37,19,8,8,2.9658993
37,20,8,8,2.9658993
38,8,7,7,50.087030000000006
38,9,6,7,9.126543999999999
38,9,7,7,21.276339000000004
38,10,6,6,5.5754111
38,11,6,6,5.5754111
38,12,4,4,36.964585
38,13,7,4,36.964585
38,16,7,7,53.91603700000001
38,16,8,7,2.7437564
38,16,8,8,10.395798
38,17,3,4,12.526829000000001
38,17,3,5,35.730044
38,17,6,8,22.353198000000003
38,17,7,4,21.183805999999997
38,17,7,7,62.3161567
38,17,8,6,1.1931829
38,17,8,7,11.107097399999999
38,17,8,8,19.578019999999995
38,18,3,4,12.526829000000001
38,18,4,8,10.800068999999999
38,18,5,7,12.526829000000001
38,18,5,8,13.975059
38,18,6,6,3.6945327999999993
38,18,7,5,13.361648999999998
38,18,7,7,29.896101899999998
38,18,8,7,8.363341
38,18,8,8,7.790055000000001
38,19,4,4,12.526829000000001
38,19,4,8,10.800068999999999
38,19,5,8,13.975059
38,19,6,6,3.6945327999999993
38,19,7,5,13.361648999999998
38,19,7,7,24.622570000000003
38,19,8,8,7.790055000000001
38,20,5,8,13.975059
38,20,8,8,2.9658993
38,21,8,8,2.9658993
39,8,4,7,25.885853
39,8,6,6,7.407070999999999
39,8,6,7,9.126543999999999
39,8,7,7,74.12020700000001
39,9,6,6,25.045328
39,9,7,7,33.292917
39,10,6,6,5.5754111
39,13,7,4,36.964585
39,16,7,7,54.375153000000005
39,16,8,8,24.302355000000002
39,17,6,6,15.177105299999997
39,17,7,4,14.920402000000003
39,17,7,7,60.53198969999999
39,17,7,8,22.353198000000003
39,17,8,7,20.715618
39,17,8,8,24.302355000000002
39,18,5,5,20.715618
39,18,6,6,15.177105299999997
39,18,7,4,16.350096
39,18,7,7,29.3781999
39,18,7,8,22.353198000000003
39,18,8,7,8.363341
39,19,4,8,10.800068999999999
39,19,5,5,20.715618
39,19,7,7,23.089801
39,19,8,8,7.790055000000001
39,20,5,8,13.975059
39,20,7,7,10.113347999999998
39,20,8,8,4.6465706
39,21,7,7,13.975059
39,21,8,8,2.9658993
40,8,0,4,5.5754111
40,8,6,6,7.407070999999999
40,8,7,6,25.885853
40,8,7,7,62.435212000000014
40,9,6,6,5.5754111
40,9,7,7,25.885853
40,13,7,4,36.964585
40,14,5,4,36.964585
40,15,5,4,36.964585
40,16,5,4,36.964585
40,16,7,7,54.375153000000005
40,17,6,6,9.182222000000001
40,17,7,4,21.183805999999997
40,17,7,7,55.74553949999999
40,17,8,8,35.40414500000001
40,18,3,7,17.766567000000002
40,18,6,6,14.614999
40,18,7,6,27.648453
40,18,7,7,41.52864590000001
40,18,8,7,8.363341
40,18,8,8,24.302355000000002
40,19,3,7,17.766567000000002
40,19,6,6,10.113347999999998
40,19,7,6,27.648453
40,19,7,7,26.2327646
40,19,7,8,29.414644000000003
40,20,7,7,7.790055000000001
40,21,7,7,17.138679600000003
41,8,7,7,67.05457500000001
41,16,7,4,58.148391000000004
41,16,7,7,42.329749
41,16,8,8,25.141864999999996
41,17,7,4,21.183805999999997
41,17,7,7,62.69997650000001
41,17,8,8,22.170499399999994
41,18,6,7,8.363341
41,18,7,7,43.177924299999994
41,18,8,8,9.182222000000001
41,19,6,6,10.113347999999998
41,19,7,7,26.2327646
41,19,7,8,29.414644000000003
41,20,6,6,4.6465706
41,20,7,8,29.414644000000003
41,21,6,7,4.6465706
41,21,7,7,16.940958300000002
42,8,7,7,67.05457500000001
42,16,6,6,5.994883300000001
42,16,7,4,58.148391000000004
42,16,7,7,42.329749
42,17,7,1,30.681216999999997
42,17,7,4,12.526829000000001
42,17,7,7,66.2118737
42,17,7,8,9.135952
42,17,8,8,13.897339400000002
42,18,6,7,5.9316712
42,18,7,4,16.350096
42,18,7,7,45.67230849999999
42,18,7,8,2.5269398
42,18,8,8,48.298397
42,19,6,6,10.113347999999998
42,19,7,7,23.9094786
42,19,8,8,36.830675
42,20,3,7,13.975059
42,20,6,6,4.6465706
42,20,7,8,29.414644000000003
42,21,6,7,13.975059
42,21,7,7,2.9658993
43,8,7,7,68.575675
43,8,7,8,9.126543999999999
43,16,4,4,36.964585
43,16,6,6,5.994883300000001
43,16,7,4,21.183805999999997
43,16,7,7,42.329749
43,17,4,4,7.296002
43,17,4,5,36.964585
43,17,6,6,11.10179
43,17,6,7,8.363341
43,17,7,4,46.529889000000004
43,17,7,5,12.526829000000001
43,17,7,7,70.94862739999999
43,17,8,8,14.614999
43,18,4,7,7.296002
43,18,6,6,11.10179
43,18,6,8,2.5269398
43,18,7,7,39.4430603
43,18,7,8,27.141827999999997
43,18,8,8,22.390941999999995
43,19,7,7,23.9094786
43,19,8,8,44.051595000000006
43,20,3,7,13.975059
43,20,6,5,29.414644000000003
43,21,7,7,2.9658993
44,8,7,7,67.05457500000001
44,15,6,7,5.994883300000001
44,16,6,7,5.994883300000001
44,16,7,4,21.183805999999997
44,16,7,7,42.329749
44,17,6,7,8.363341
44,17,6,8,8.004829
44,17,7,4,15.848672
44,17,7,7,59.74878839999998
44,17,7,8,7.706852999999999
44,18,6,6,9.182222000000001
44,18,6,8,2.5269398
44,18,7,4,16.350096
44,18,7,7,48.670782300000006
44,19,4,0,27.648453
44,19,6,6,9.182222000000001
44,19,7,3,27.648453
44,19,7,7,36.1870726
44,19,8,8,10.113347999999998
44,20,3,1,27.648453
44,20,4,2,27.648453
44,20,6,8,29.414644000000003
44,20,7,7,24.088406999999997
44,21,7,7,2.9658993
45,8,7,7,67.05457500000001
45,15,6,7,5.994883300000001
45,16,7,4,21.183805999999997
45,16,7,7,35.471933
45,16,7,8,5.3094076
45,17,3,8,8.004829
45,17,6,6,11.10179
45,17,6,7,14.614999
45,17,6,8,8.302245000000001
45,17,7,7,60.45608169999999
45,17,7,8,7.706852999999999
45,17,8,8,8.363341
45,18,6,6,41.774494999999995
45,18,6,8,2.5269398
45,18,7,7,39.5571302
45,19,6,6,12.277594
45,19,7,7,22.0333596
45,20,6,8,29.414644000000003
45,20,7,4,13.975059
45,20,7,7,10.113347999999998
45,21,7,7,2.9658993
46,8,7,7,67.05457500000001
46,15,6,7,5.994883300000001
46,16,3,7,5.3094076
46,16,6,7,4.1056239
46,16,7,4,21.183805999999997
46,16,7,6,22.536171000000003
46,16,7,7,31.366306300000005
46,17,3,8,8.302245000000001
46,17,6,6,31.750606999999995
46,17,6,8,13.236335
46,17,7,4,15.848672
46,17,7,7,63.12129739999999
46,17,7,8,21.42315
46,17,8,7,9.182222000000001
46,18,6,6,24.142145999999993
46,18,6,7,9.182222000000001
46,18,6,8,2.5269398
46,18,7,5,16.350096
46,18,7,7,41.5116723
46,19,6,6,7.790055000000001
46,19,6,7,27.648453
46,19,7,5,16.350096
46,19,7,7,26.2327646
46,20,6,8,29.414644000000003
46,20,7,7,24.088406999999997
46,21,7,7,2.9658993
47,8,7,7,67.05457500000001
47,15,6,7,5.994883300000001
47,16,6,6,31.347897
47,16,6,7,10.084016600000002
47,16,6,8,10.537638999999999
47,16,7,4,21.183805999999997
47,16,7,6,22.536171000000003
47,16,7,7,25.258984799999997
47,17,3,7,8.483685
47,17,3,8,17.370345999999998
47,17,6,6,23.955167600000003
47,17,6,7,12.940354
47,17,7,4,37.4251759
47,17,7,7,64.79809839999997
47,17,7,8,4.9217427
47,18,3,7,2.5269398
47,18,6,6,32.660124
47,18,6,8,8.363341
47,18,7,7,36.601767300000006
47,19,6,6,10.113347999999998
47,19,7,5,16.350096
47,19,7,7,26.2327646
47,20,6,8,29.414644000000003
47,20,7,7,13.975059
47,21,7,7,2.9658993
48,8,7,7,69.84227600000001
48,8,8,8,5.5754111
48,9,7,7,5.5754111
48,15,6,6,12.864270999999999
48,15,6,7,5.994883300000001
48,16,3,3,12.864270999999999
48,16,3,7,12.872663999999997
48,16,6,6,35.255855600000004
48,16,6,7,28.9876566
48,16,6,8,5.228223000000001
48,16,7,3,19.988843
48,16,7,4,21.183805999999997
48,16,7,7,23.796248700000003
48,16,7,8,3.2565953
48,17,3,3,12.864270999999999
48,17,3,7,12.872663999999997
48,17,6,6,44.301901
48,17,6,7,25.535796999999995
48,17,6,8,2.9694385000000008
48,17,7,3,10.696448000000002
48,17,7,7,49.90246799999998
48,18,4,7,9.945369
48,18,6,6,37.823296000000006
48,18,6,8,8.363341
48,18,7,4,11.749493000000001
48,18,7,7,16.6902414
48,19,6,6,15.658944000000002
48,19,7,4,16.350096
48,19,7,7,5.5171466
48,20,6,8,29.414644000000003
48,20,7,7,13.975059
48,21,7,7,2.9658993
49,8,7,7,76.96402700000002
49,9,7,7,5.5754111
49,9,8,8,25.885853
49,11,3,3,34.479662
49,12,3,3,34.479662
49,13,3,3,34.479662
49,14,3,3,34.479662
49,14,6,6,18.859154299999997
49,15,3,3,39.7890696
49,15,3,6,5.994883300000001
49,15,3,7,6.6090129
49,15,6,6,32.653425
49,15,6,7,4.154685499999999
49,15,7,7,15.823689
49,16,3,3,18.490206
49,16,3,7,8.87544
49,16,3,8,12.872663999999997
49,16,6,3,23.926830900000002
49,16,6,6,43.59695200000001
49,16,6,7,54.902659
49,16,6,8,9.081653000000001
49,16,7,3,19.988843
49,16,7,6,11.10179
49,16,7,7,60.31123770000001
49,16,8,7,12.277594
49,17,3,3,33.66979
49,17,6,6,37.781041900000005
49,17,6,7,30.903348000000005
49,17,7,3,18.584797000000002
49,17,7,4,19.317263000000004
49,17,7,6,6.2836109
49,17,7,7,43.468068
49,18,4,7,9.945369
49,18,6,3,1.6197453999999998
49,18,6,6,15.658944000000002
49,18,6,8,8.363341
49,18,7,3,19.317263000000004
49,18,7,4,11.749493000000001
49,18,7,7,19.987044000000004
49,19,6,3,29.414644000000003
49,19,7,7,5.460574
49,20,6,4,29.414644000000003
49,20,7,7,13.975059
49,21,7,7,2.9658993
50,8,7,7,63.28270199999999
50,8,7,8,13.681325000000001
50,9,7,7,31.461276000000005
50,9,8,8,13.681325000000001
50,11,3,3,16.507645
50,11,7,7,34.479662
50,12,3,3,16.507645
50,12,6,6,22.536171000000003
50,13,3,3,14.282338
50,13,6,6,35.942829999999994
50,13,7,3,5.3094076
50,14,3,3,12.056645999999997
50,14,3,7,6.6090129
50,14,6,3,36.610549500000005
50,14,6,6,32.1699126
50,14,7,3,5.3094076
50,14,7,7,35.730044
50,15,3,3,17.560361
50,15,3,6,3.5660296
50,15,3,7,6.6090129
50,15,4,3,9.945369
50,15,6,3,34.7868409
50,15,6,6,37.051021
50,15,7,3,11.593022
50,15,7,6,28.652407
50,16,3,3,12.002402299999996
50,16,3,6,3.5660296
50,16,6,3,12.160876
50,16,6,6,40.410650000000004
50,16,6,7,22.797942999999997
50,16,7,3,22.1639719
50,16,7,6,16.4345958
50,16,7,7,33.89494710000001
50,17,3,7,4.9217427
50,17,4,3,11.318815899999997
50,17,6,3,18.557769999999998
50,17,6,6,15.658944000000002
50,17,7,3,9.117717
50,17,7,4,8.554371
50,17,7,6,2.7217267
50,17,7,7,66.66035599999998
50,18,4,7,9.945369
50,18,6,3,29.414644000000003
50,18,6,5,8.363341
50,18,7,4,11.749493000000001
50,18,7,6,5.6876792
50,18,7,7,24.344893999999996
50,19,6,3,29.414644000000003
50,19,7,7,5.460574
50,20,7,7,13.975059
50,21,7,7,2.9658993
51,8,7,7,63.28270199999999
51,9,7,7,31.461276000000005
51,9,8,8,13.681325000000001
51,10,3,3,58.50258610000001
51,10,3,4,21.183805999999997
51,10,3,7,6.673489900000001
51,10,6,3,17.038287
51,10,6,6,3.993090500000001
51,10,6,7,16.507645
51,10,7,3,12.128228
51,10,7,4,15.241023
51,10,7,7,19.317263000000004
51,11,3,3,39.33650070000001
51,11,4,3,9.217971
51,11,6,3,23.232768999999998
51,11,6,6,15.183518699999999
51,11,6,7,22.536171000000003
51,11,7,7,17.847116
51,12,3,1,16.350096
51,12,3,3,36.561103599999996
51,12,3,4,15.848672
51,12,3,7,13.371743
51,12,4,3,9.217971
51,12,6,3,22.439353999999994
51,12,6,6,15.6324756
51,13,3,3,34.79201320000001
51,13,3,4,8.425766999999999
51,13,6,3,1.8237086
51,13,6,6,33.569394599999995
51,13,7,3,5.3094076
51,13,7,6,15.598016699999997
51,14,3,3,38.92296729999999
51,14,3,4,10.283742
51,14,4,7,6.6090129
51,14,6,3,27.232434600000005
51,14,6,6,38.489822
51,14,7,3,20.341167
51,14,7,7,35.730044
51,15,3,3,34.41179629999999
51,15,3,4,13.008765
51,15,4,5,16.350096
51,15,6,3,13.612780999999998
51,15,6,6,30.70810399999999
51,15,7,3,21.561785
51,15,7,6,28.652407
51,16,3,3,39.75790909999999
51,16,3,7,21.183805999999997
51,16,6,3,10.881885
51,16,6,6,22.390941999999995
51,16,6,7,29.414644000000003
51,16,7,3,22.340936799999998
51,16,7,7,18.584797000000002
51,17,3,3,46.148740400000015
51,17,3,7,8.363341
51,17,4,3,9.217971
51,17,4,4,36.964585
51,17,4,6,13.371743
51,17,6,3,32.02868200000001
51,17,7,3,10.292128000000002
51,17,7,4,15.848672
51,17,7,7,3.1796107000000005
51,18,3,3,7.961618000000001
51,18,3,4,16.350096
51,18,3,7,11.693492999999998
51,18,4,3,5.4706253
51,18,6,3,31.748303999999997
51,18,6,7,0.7993888000000001
51,18,6,8,8.363341
51,18,7,3,9.41542
51,18,7,4,24.276321999999997
51,18,7,7,25.062569
51,19,3,6,13.975059
51,19,7,3,8.011325
51,19,7,4,16.350096
51,19,7,6,8.330020999999999
51,19,7,7,10.800068999999999
51,20,7,7,13.975059
51,21,7,7,2.9658993
52,8,6,7,5.5754111
52,8,7,7,63.28270199999999
52,9,3,7,5.6876792
52,9,6,7,5.5754111
52,9,7,3,14.692145999999997
52,9,7,7,57.33374500000001
52,10,3,3,17.766567000000002
52,10,3,7,4.866467900000001
52,10,4,3,9.945369
52,10,6,6,18.584797000000002
52,10,7,3,5.9647686
52,10,7,4,21.183805999999997
52,10,7,6,13.575408699999999
52,10,7,7,48.794226599999995
52,11,3,3,24.675228900000004
52,11,3,7,8.330020999999999
52,11,4,3,9.945369
52,11,6,3,12.912725000000002
52,11,6,6,38.7612876
52,11,6,7,20.715618
52,11,7,3,7.961618000000001
52,11,7,6,10.900085
52,11,7,7,25.0929357
52,12,3,3,57.84424589999999
52,12,3,6,12.277594
52,12,6,3,2.8000762999999997
52,12,6,6,45.629269
52,12,6,7,13.371743
52,12,7,4,16.350096
52,12,7,6,19.775518
52,13,3,0,7.5754069999999984
52,13,3,3,52.029375299999984
52,13,4,3,9.945369
52,13,6,3,22.591667000000005
52,13,6,6,40.95037100000001
52,13,7,3,6.6090129
52,13,7,6,3.2565953
52,13,8,6,12.864270999999999
52,14,3,3,22.2035443
52,14,3,6,8.363341
52,14,6,3,25.786600000000004
52,14,6,6,53.934405
52,14,7,3,17.004806000000002
52,15,3,3,23.512130599999992
52,15,6,3,9.404359999999999
52,15,6,6,10.113347999999998
52,15,6,7,11.10179
52,15,7,3,13.510769999999997
52,16,3,3,13.841082500000002
52,16,6,7,29.414644000000003
52,16,7,3,18.584797000000002
52,17,3,3,16.686705
52,17,3,7,8.363341
52,18,3,3,9.390702999999998
52,18,7,4,11.749493000000001
52,18,7,7,7.296002
52,19,3,3,13.975059
52,21,7,7,2.9658993
53,8,7,7,63.28270199999999
53,8,8,8,5.5754111
53,9,7,7,52.560333
53,10,6,6,26.076000999999998
53,10,7,4,21.183805999999997
53,10,7,6,22.673378
53,10,7,7,42.392269500000005
53,11,6,6,27.562444000000003
53,11,6,7,1.8237086
53,11,7,3,2.7437564
53,11,7,6,13.086703
53,11,7,7,31.389470000000003
53,11,8,6,3.5660296
53,12,3,6,5.3094076
53,12,4,4,16.350096
53,12,6,3,1.4266294
53,12,6,6,37.26291799999999
53,12,7,3,6.6090129
53,12,7,6,41.416031999999994
53,12,7,7,27.085918999999997
53,13,6,3,11.749493000000001
53,13,6,6,40.90183999999999
53,13,7,3,6.6090129
53,13,7,6,20.287155
53,14,3,3,11.749493000000001
53,14,3,6,8.363341
53,14,6,3,29.414644000000003
53,14,6,6,21.215137999999996
53,15,3,3,11.749493000000001
53,15,6,3,29.414644000000003
53,16,3,3,11.749493000000001
53,16,6,3,29.414644000000003
53,17,3,3,11.749493000000001
53,18,7,4,11.749493000000001
53,21,7,7,2.9658993
54,8,7,7,52.939313
54,8,8,8,24.033177
54,9,6,6,26.076000999999998
54,9,7,3,21.183805999999997
54,9,7,7,26.67446809999999
54,9,8,8,13.869268000000002
54,10,6,6,51.573137
54,10,6,7,1.8237086
54,10,7,3,21.183805999999997
54,10,7,4,12.185096000000001
54,10,7,6,15.972126800000003
54,10,7,7,34.7696125
54,10,8,6,5.3328058
54,11,3,6,4.1056239
54,11,6,6,30.404934000000004
54,11,6,7,1.8237086
54,11,7,3,16.350096
54,11,7,6,34.228494999999995
54,11,7,7,50.40392000000001
54,11,8,6,3.5660296
54,12,3,6,4.1056239
54,12,6,6,38.638985000000005
54,12,6,7,27.648453
54,12,7,3,22.959108899999997
54,12,7,6,12.142515000000001
54,12,7,7,41.220658500000006
54,13,6,6,40.51643400000001
54,13,7,7,8.363341
54,21,4,1,2.9658993
54,21,7,7,2.9658993
55,8,7,3,21.183805999999997
55,8,7,7,52.939313
55,9,6,7,9.182222000000001
55,9,7,3,21.183805999999997
55,9,7,7,47.17505800000001
55,9,8,8,19.444677
55,10,4,3,35.730044
55,10,4,7,9.945369
55,10,6,6,27.486536
55,10,6,7,14.614999
55,10,7,4,8.425766999999999
55,10,7,6,41.4265964
55,10,7,7,43.1210871
55,10,8,6,7.156514399999998
55,10,8,7,4.1056239
55,10,8,8,31.461276000000005
55,11,3,3,35.730044
55,11,6,6,30.546208000000004
55,11,6,7,29.414644000000003
55,11,7,6,30.060415000000003
55,11,7,7,45.824344999999994
55,11,8,6,30.962861999999994
55,12,4,4,2.9658993
55,12,6,6,40.51643400000001
55,12,7,6,7.818180999999999
55,12,7,7,37.06597300000001
55,13,3,3,2.9658993
55,13,6,8,8.363341
55,14,3,3,2.9658993
55,15,3,3,2.9658993
55,16,3,3,2.9658993
55,17,3,3,2.9658993
55,18,3,3,2.9658993
55,19,3,3,2.9658993
55,20,4,3,2.9658993
55,21,4,7,2.9658993
55,21,7,7,2.9658993
56,8,5,7,21.183805999999997
56,8,7,7,52.939313
56,9,5,7,21.183805999999997
56,9,6,7,9.182222000000001
56,9,7,7,59.23453900000001
56,9,8,8,33.483072
56,10,3,3,34.479662
56,10,4,7,9.945369
56,10,4,8,27.648453
56,10,6,6,37.635346
56,10,7,4,16.350096
56,10,7,6,4.3635018
56,10,7,7,52.4339291
56,10,8,6,7.156514399999998
56,10,8,7,4.1056239
56,10,8,8,22.3940171
56,11,6,6,11.749493000000001
56,11,7,6,7.818180999999999
56,11,7,7,44.34858400000001
56,11,8,3,7.706852999999999
56,11,8,6,26.90696399999999
56,11,8,7,4.1056239
56,11,8,8,27.648453
56,12,6,7,8.363341
56,12,7,7,42.940716
56,12,8,8,2.9658993
56,13,6,7,8.363341
57,8,7,7,45.532249
57,9,6,6,11.749493000000001
57,9,6,7,9.182222000000001
57,9,7,4,13.008765
57,9,7,7,24.7935898
57,9,8,7,12.821697
57,9,8,8,42.609609000000006
57,10,6,6,11.749493000000001
57,10,6,7,5.5754111
57,10,7,3,16.350096
57,10,7,7,34.23727860000001
57,10,8,6,7.8597470000000005
57,10,8,7,1.8237086
57,10,8,8,42.232316
57,11,4,7,27.648453
57,11,5,6,6.6090129
57,11,6,6,8.363341
57,11,7,6,9.081653000000001
57,11,7,7,43.444548000000005
57,11,8,6,30.442279
57,11,8,7,1.8237086
57,11,8,8,14.978159
57,12,6,6,8.363341
57,12,7,5,2.9658993
57,12,7,7,42.940716
58,8,7,7,36.405705
58,9,5,4,16.350096
58,9,6,6,11.749493000000001
58,9,7,7,30.28127899999999
58,9,8,4,21.183805999999997
58,9,8,8,16.533607999999997
58,10,5,4,16.350096
58,10,5,6,2.5269398
58,10,6,6,27.648453
58,10,7,4,15.848672
58,10,7,7,51.45606410000001
58,10,7,8,21.241289999999996
58,10,8,4,21.183805999999997
58,10,8,6,5.3328058
58,10,8,8,49.589736
58,11,5,4,21.183805999999997
58,11,5,6,6.6090129
58,11,6,6,27.648453
58,11,7,7,43.49225999999999
58,11,7,8,51.76784200000001
58,11,8,6,30.764013
58,11,8,7,1.8237086
58,11,8,8,48.31491700000001
58,12,7,7,42.940716
58,12,8,8,2.9658993
59,8,7,7,36.405705
59,9,6,6,10.113347999999998
59,9,7,4,16.350096
59,9,7,7,21.099057
59,9,8,8,20.931714999999997
59,10,4,7,9.945369
59,10,5,6,2.5269398
59,10,6,6,14.614999
59,10,7,3,16.350096
59,10,7,7,31.970584100000007
59,10,7,8,4.6465706
59,10,8,6,5.3328058
59,10,8,7,24.033177
59,10,8,8,20.725293399999998
59,11,5,6,11.073258
59,11,7,4,21.183805999999997
59,11,7,7,38.665760000000006
59,11,7,8,46.088672
59,11,8,6,5.724977300000001
59,11,8,7,32.412863
59,11,8,8,37.455228999999996
59,12,7,7,41.031186
59,12,7,8,29.414644000000003
59,12,8,7,1.8237086
59,12,8,8,37.414747999999996
60,8,7,7,36.405705
60,9,7,4,16.350096
60,9,7,7,31.21240499999999
60,9,8,5,11.749493000000001
60,10,5,6,2.5269398
60,10,7,7,35.99159060000001
60,10,8,5,11.749493000000001
60,10,8,6,5.3328058
60,10,8,8,36.208676
60,11,5,5,16.507645
60,11,5,6,3.5660296
60,11,5,7,13.600195000000001
60,11,6,6,26.076000999999998
60,11,7,4,21.183805999999997
60,11,7,7,47.306602000000005
60,11,8,6,7.110264
60,11,8,7,35.217454999999994
60,11,8,8,27.455596000000003
60,12,5,7,14.639282000000001
60,12,5,8,16.507645
60,12,6,6,26.076000999999998
60,12,7,7,30.944319
60,12,7,8,39.033484
60,12,8,5,8.363341
60,12,8,7,5.6427889
60,12,8,8,40.14352300000001
60,13,7,8,2.9658993
61,8,7,7,36.405705
61,9,7,4,16.350096
61,9,7,7,8.100785
61,9,8,7,10.800068999999999
61,9,8,8,10.113347999999998
61,10,4,7,9.945369
61,10,5,5,13.681325000000001
61,10,5,7,16.1328748
61,10,7,7,31.049496099999995
61,10,7,8,34.479662
61,10,8,8,15.658944000000002
61,11,5,5,34.479662
61,11,5,6,1.1931829
61,11,5,7,11.776191
61,11,5,8,13.681325000000001
61,11,6,6,26.076000999999998
61,11,7,4,21.183805999999997
61,11,7,7,39.252472
61,11,8,8,35.38115
61,12,5,5,20.715618
61,12,5,7,16.997092
61,12,5,8,31.122644
61,12,7,5,21.183805999999997
61,12,7,7,12.257511000000001
61,12,8,5,29.414644000000003
61,12,8,7,1.8237086
61,12,8,8,26.486817
61,13,5,5,13.371743
61,13,5,7,14.639282000000001
61,13,8,2,2.9658993
61,13,8,5,42.236341
61,13,8,7,1.8237086
61,13,8,8,37.277233
61,14,8,2,2.9658993
61,14,8,8,12.821697
61,15,8,2,2.9658993
61,16,8,2,2.9658993
62,8,7,7,36.405705
62,9,5,5,36.405705
62,9,7,4,16.350096
62,9,7,7,8.100785
62,10,4,4,36.964585
62,10,4,7,9.945369
62,10,5,5,20.53156
62,10,5,7,4.306424499999999
62,10,7,4,15.241023
62,10,7,5,17.144260000000003
62,10,7,7,60.02114580000001
62,10,7,8,10.900085
62,10,8,4,1.3734469000000002
62,10,8,8,20.432516999999997
62,11,4,5,9.945369
62,11,5,4,15.241023
62,11,5,5,28.78463770000001
62,11,5,7,18.063219999999998
62,11,5,8,50.087030000000006
62,11,7,5,8.330020999999999
62,11,7,7,45.83861100000001
62,11,7,8,10.900085
62,11,8,5,10.455102000000002
62,11,8,7,7.296002
62,11,8,8,41.097027999999995
62,12,4,5,46.351074
62,12,5,4,11.693492999999998
62,12,5,5,29.44357359999999
62,12,5,7,11.577321
62,12,5,8,28.296323999999995
62,12,7,4,21.183805999999997
62,12,7,7,16.507645
62,12,8,8,28.959424899999995
62,13,4,7,12.872663999999997
62,13,5,5,30.2090957
62,13,5,7,3.5660296
62,13,5,8,31.547144999999997
62,13,7,5,9.945369
62,13,7,7,16.507645
62,13,8,7,1.8237086
62,13,8,8,19.207579999999997
62,14,5,4,15.241023
62,14,5,5,37.60559599999999
62,14,5,8,5.389738199999999
62,14,7,5,8.004829
62,14,8,8,35.372288000000005
62,15,5,5,40.9101
62,15,5,7,21.850035899999998
62,15,7,8,12.821697
62,15,8,8,29.414644000000003
62,16,5,5,27.228772900000003
62,16,8,2,2.9658993
62,17,5,5,38.1730979
62,17,8,2,2.9658993
62,17,8,5,31.748303999999997
62,18,5,4,20.753166
62,18,5,5,35.81533900000001
62,18,7,5,2.9658993
62,18,7,7,13.371743
62,19,7,7,20.715618
63,9,4,4,16.350096
63,9,5,5,5.6876792
63,9,5,7,14.692145999999997
63,9,5,8,17.766567000000002
63,9,7,8,19.988843
63,10,4,5,9.217971
63,10,5,4,8.425766999999999
63,10,5,5,45.202899
63,10,5,7,9.150924999999999
63,10,5,8,13.361648999999998
63,10,7,5,2.1980482999999995
63,10,7,8,18.749394999999996
63,10,8,8,14.987699999999998
63,11,4,4,16.350096
63,11,4,5,9.217971
63,11,5,4,15.848672
63,11,5,5,31.469431000000007
63,11,5,7,7.126797999999999
63,11,7,5,8.330020999999999
63,11,7,8,10.900085
63,11,8,5,8.04741
63,11,8,8,24.489170999999992
63,12,4,4,36.405705
63,12,5,4,13.008765
63,12,5,5,33.4872783
63,12,5,7,11.993251899999999
63,12,8,5,9.081653000000001
63,12,8,8,23.9380099
63,13,2,8,27.648453
63,13,5,4,21.183805999999997
63,13,5,5,28.376699400000003
63,13,5,7,17.0418549
63,13,5,8,21.157364199999996
63,13,7,5,14.867111699999997
63,13,7,7,16.177168
63,13,8,5,16.507645
63,13,8,8,29.448964999999998
63,14,2,2,4.9217427
63,14,2,8,27.648453
63,14,5,4,13.259483999999999
63,14,5,5,33.45381059999998
63,14,5,8,23.978940999999992
63,14,7,8,6.6439618
63,14,8,8,24.122664999999998
63,15,2,2,4.9217427
63,15,2,8,27.648453
63,15,4,5,16.5543819
63,15,5,4,21.183805999999997
63,15,5,5,33.4054273
63,15,5,7,15.241023
63,15,5,8,1.8237086
63,15,7,5,8.898833999999999
63,15,7,8,12.821697
63,15,8,8,31.982993000000004
63,16,4,5,21.484645
63,16,5,4,15.241023
63,16,5,5,40.5916035
63,16,5,7,13.361648999999998
63,16,5,8,1.8237086
63,16,7,5,13.039655999999999
63,16,8,5,8.002372
63,16,8,8,43.518608699999994
63,17,4,5,9.217971
63,17,5,4,15.241023
63,17,5,5,30.626409799999994
63,17,5,8,1.4266294
63,17,7,5,12.872663999999997
63,17,7,7,31.748303999999997
63,17,7,8,1.3734469000000002
63,17,8,5,27.745011700000003
63,17,8,8,31.351760999999996
63,18,4,4,36.964585
63,18,4,5,9.217971
63,18,5,4,6.8398176
63,18,5,5,53.81190500000001
63,18,5,8,6.670365800000001
63,18,7,5,7.019537000000001
63,18,7,7,48.34793599999999
63,18,7,8,2.9658993
63,18,8,5,3.1796107000000005
63,18,8,7,26.076000999999998
63,18,8,8,29.617091000000002
63,19,4,4,35.730044
63,19,4,8,9.945369
63,19,5,4,8.330020999999999
63,19,5,5,5.6876792
63,19,5,7,6.2552469
63,19,7,4,19.317263000000004
63,19,7,5,17.038287
63,19,7,7,30.246069
63,19,7,8,2.9658993
64,10,5,5,19.988843
64,10,5,7,14.692145999999997
64,11,5,5,10.696448000000002
64,11,5,7,8.428735
64,11,8,5,6.2836109
64,12,4,7,16.350096
64,12,5,5,8.247756999999998
64,12,5,7,7.126797999999999
64,12,8,5,6.2836109
64,12,8,8,10.113347999999998
64,13,5,2,6.2836109
64,13,5,4,16.350096
64,13,5,5,8.247756999999998
64,13,5,7,10.800068999999999
64,13,5,8,17.520419
64,13,7,5,4.9217427
64,13,8,8,5.994883300000001
64,14,4,4,16.350096
64,14,5,2,3.822739199999999
64,14,5,5,9.4409399
64,14,5,8,17.520419
64,14,8,5,22.194739700000003
64,14,8,8,32.127522000000006
64,15,4,5,16.350096
64,15,5,4,14.692145999999997
64,15,5,5,26.600628599999993
64,15,5,8,27.648453
64,15,7,5,2.302559
64,15,8,5,7.407070999999999
64,15,8,8,25.999897
64,16,5,4,16.350096
64,16,5,5,23.0407457
64,16,5,7,13.361648999999998
64,16,5,8,1.8237086
64,16,7,5,10.741667999999999
64,16,7,8,12.821697
64,16,8,5,16.2347444
64,16,8,8,31.949519700000003
64,17,5,4,16.350096
64,17,5,5,9.8560077
64,17,7,2,7.706852999999999
64,17,7,5,13.177045000000003
64,17,7,7,19.904912999999997
64,17,7,8,8.004829
64,17,8,5,18.720622900000002
64,17,8,8,32.257715
64,18,5,4,12.64277
64,18,5,5,8.182811000000001
64,18,7,4,21.183805999999997
64,18,7,5,29.34085
64,18,7,7,36.74533099999999
64,18,7,8,10.900085
64,18,8,5,4.1056239
64,18,8,7,24.945577999999998
64,18,8,8,42.969318
64,19,4,7,9.945369
64,19,5,7,8.330020999999999
64,19,7,5,8.737351000000002
64,19,7,7,44.180728200000004
64,19,8,8,2.9658993
64,20,5,4,8.330020999999999
64,20,8,8,2.9658993
65,11,5,7,14.692145999999997
65,12,1,5,14.692145999999997
65,12,5,8,12.526829000000001
65,13,4,8,12.526829000000001
65,13,5,5,10.800068999999999
65,14,4,4,10.800068999999999
65,14,4,5,12.526829000000001
65,14,5,8,10.113347999999998
65,15,5,4,10.800068999999999
65,15,5,5,21.653373000000002
65,15,5,8,10.113347999999998
65,15,8,5,7.407070999999999
65,15,8,8,43.141574
65,16,5,4,10.800068999999999
65,16,5,5,21.653373000000002
65,16,5,8,16.891714
65,16,7,5,2.302559
65,16,7,7,4.6465706
65,16,8,2,7.407070999999999
65,16,8,8,25.057648
65,17,4,5,10.800068999999999
65,17,5,5,21.653373000000002
65,17,5,8,14.617484000000001
65,17,7,5,6.0463067
65,17,7,7,35.612059
65,17,7,8,8.004829
65,17,8,5,29.760275999999998
65,17,8,7,1.8237086
65,17,8,8,30.35236469999999
65,18,5,5,21.709051
65,18,7,4,14.692145999999997
65,18,7,5,23.977114000000004
65,18,7,7,41.038028499999996
65,18,7,8,37.419473
65,18,8,7,27.8997096
65,18,8,8,25.6690497
65,19,5,5,15.465832899999999
65,19,7,5,15.241023
65,19,7,7,42.160736799999995
65,19,8,7,26.076000999999998
65,20,6,5,15.241023
65,20,7,7,8.330020999999999
65,20,8,8,2.9658993
66,15,8,8,10.113347999999998
66,16,7,7,4.6465706
66,16,8,8,40.418105
66,17,5,7,20.460447
66,17,5,8,3.6945327999999993
66,17,7,5,2.5269398
66,17,7,7,43.024317
66,17,7,8,3.5660296
66,17,8,5,12.821697
66,17,8,8,23.929906
66,18,4,7,31.748303999999997
66,18,7,4,21.183805999999997
66,18,7,5,10.6186164
66,18,7,7,51.2394771
66,18,7,8,53.79622499999999
66,18,8,7,1.8237086
66,18,8,8,27.864018
66,19,7,4,16.350096
66,19,7,5,11.2152082
66,19,7,7,44.80620969999999
66,19,8,5,6.2836109
66,19,8,7,26.076000999999998
66,20,3,5,15.241023
66,20,4,7,8.330020999999999
66,20,7,8,6.2836109
66,20,8,8,2.9658993
67,17,7,7,32.165098
67,17,7,8,9.133481000000002
67,17,8,7,51.14166400000001
67,17,8,8,24.797492999999996
67,18,4,7,22.536171000000003
67,18,6,8,12.821697
67,18,7,4,13.259483999999999
67,18,7,5,10.395798
67,18,7,7,44.497378800000014
67,18,7,8,44.666824999999996
67,18,8,7,12.122964
67,18,8,8,35.074641
67,19,3,7,10.800068999999999
67,19,6,6,9.182222000000001
67,19,7,4,16.350096
67,19,7,5,6.2934655
67,19,7,7,40.518863700000004
67,19,7,8,9.198007
67,19,8,7,22.353198000000003
67,19,8,8,56.20445599999999
67,20,3,7,10.800068999999999
67,20,4,7,4.9217427
67,20,7,5,11.693492999999998
67,20,7,7,20.3255332
68,17,6,6,31.748303999999997
68,17,7,7,21.063301
68,18,6,7,11.952416
68,18,6,8,12.821697
68,18,7,4,15.848672
68,18,7,5,7.706852999999999
68,18,7,7,44.791424299999996
68,18,8,7,20.460447
68,18,8,8,24.850119
68,19,3,7,10.800068999999999
68,19,4,7,27.648453
68,19,6,7,15.465832899999999
68,19,6,8,8.004829
68,19,7,5,12.526829000000001
68,19,7,7,35.3781421
68,19,7,8,13.681325000000001
68,19,8,7,12.122964
68,19,8,8,51.702518000000005
68,20,6,6,6.2836109
68,20,7,7,47.24148100000001
69,17,6,7,1.8237086
69,17,7,7,51.438156
69,17,8,8,1.3734469000000002
69,18,6,7,1.8237086
69,18,6,8,7.706852999999999
69,18,7,5,47.596976
69,18,7,7,47.759176499999995
69,18,7,8,19.174057
69,18,8,8,5.0679796999999995
69,19,6,7,22.353198000000003
69,19,6,8,14.288435
69,19,7,4,15.848672
69,19,7,5,12.526829000000001
69,19,7,7,40.247373599999996
69,19,7,8,13.681325000000001
69,19,8,7,20.460447
69,19,8,8,32.185076
69,20,4,7,30.681216999999997
69,20,6,7,31.347897
69,20,7,7,15.893584
69,20,8,8,7.790055000000001
70,17,7,7,29.879787
70,18,3,7,4.5650514
70,18,6,8,2.7437564
70,18,7,5,22.557252899999998
70,18,7,7,50.57023159999999
70,18,7,8,44.85354999999999
70,18,8,7,12.864270999999999
70,18,8,8,14.614999
70,19,3,6,30.681216999999997
70,19,3,7,6.2836109
70,19,3,8,8.004829
70,19,6,7,45.029222000000004
70,19,6,8,10.900085
70,19,7,4,13.259483999999999
70,19,7,5,12.526829000000001
70,19,7,7,38.492305599999995
70,19,7,8,6.6090129
70,19,8,7,20.460447
70,19,8,8,10.023888
70,20,3,6,30.681216999999997
70,20,6,7,31.347897
70,20,7,7,14.2221709
70,20,7,8,13.828792600000002
70,20,8,8,10.113347999999998
70,21,8,8,10.113347999999998
71,17,7,7,29.879787
71,18,3,7,10.395798
71,18,6,8,12.277594
71,18,7,7,52.63687100000002
71,18,7,8,45.0625
71,18,8,8,55.21434800000001
71,19,6,6,9.182222000000001
71,19,6,7,48.723744999999994
71,19,6,8,19.338416999999996
71,19,7,4,16.350096
71,19,7,5,21.183805999999997
71,19,7,7,33.6040544
71,19,7,8,39.182367000000006
71,19,8,8,30.681216999999997
71,20,6,6,9.182222000000001
71,20,7,7,34.68261789999999
71,20,7,8,4.6465706
71,21,7,8,4.6465706
71,21,8,8,10.113347999999998
72,17,7,7,9.235968
72,18,3,7,3.5660296
72,18,3,8,10.395798
72,18,6,6,12.864270999999999
72,18,6,7,24.972640000000002
72,18,6,8,9.462228999999999
72,18,7,7,56.14018900000001
72,18,7,8,11.539276
72,18,8,8,11.10179
72,19,3,5,2.5269398
72,19,3,8,1.1931829
72,19,6,6,9.182222000000001
72,19,6,7,48.723744999999994
72,19,6,8,8.478029000000001
72,19,7,4,21.183805999999997
72,19,7,7,39.98362060000001
72,19,7,8,31.748303999999997
72,19,8,8,30.681216999999997
72,20,7,7,42.68743920000001
72,20,8,8,30.681216999999997
72,21,7,7,10.113347999999998
72,21,7,8,4.6465706
73,17,3,8,10.395798
73,17,7,7,9.235968
73,18,3,5,7.720713000000001
73,18,3,7,9.286123
73,18,6,6,7.313375999999998
73,18,6,7,29.961855
73,18,6,8,17.246382999999998
73,18,7,6,25.077507
73,18,7,7,48.57274799999999
73,19,3,7,23.9275624
73,19,3,8,5.248666500000001
73,19,6,6,28.770350000000004
73,19,6,7,15.711674999999998
73,19,6,8,19.385191
73,19,7,7,40.940660599999994
73,19,7,8,31.748303999999997
73,20,4,7,30.681216999999997
73,20,6,5,4.9217427
73,20,6,6,20.460447
73,20,6,7,8.004829
73,20,7,4,15.241023
73,20,7,7,8.257644500000001
73,20,7,8,31.748303999999997
73,21,7,7,10.113347999999998
73,21,7,8,4.6465706
74,17,3,8,10.395798
74,17,6,7,3.6945327999999993
74,17,7,7,9.235968
74,18,3,5,16.177168
74,18,3,6,8.004829
74,18,3,7,13.883750999999998
74,18,3,8,12.363904000000002
74,18,6,5,1.4266294
74,18,6,6,9.064104
74,18,6,7,27.087389
74,18,6,8,6.1007772000000005
74,18,7,7,49.60626300000002
74,18,7,8,9.182222000000001
74,19,3,5,9.081653000000001
74,19,3,6,8.004829
74,19,3,7,12.517322999999998
74,19,3,8,13.509993000000001
74,19,6,6,36.2650029
74,19,6,7,2.5269398
74,19,7,4,15.848672
74,19,7,5,21.183805999999997
74,19,7,7,43.8689006
74,19,7,8,9.182222000000001
74,20,3,8,4.9217427
74,20,6,6,25.624543
74,20,7,4,15.241023
74,20,7,7,35.5570992
74,21,6,6,10.113347999999998
74,21,7,7,4.6465706
75,17,3,3,2.7217267
75,17,3,7,17.146241
75,17,6,6,11.10179
75,17,6,7,20.291544
75,17,7,7,24.003441
75,18,3,5,12.277594
75,18,3,7,21.150654000000003
75,18,3,8,13.319249999999998
75,18,4,4,7.296002
75,18,4,7,22.536171000000003
75,18,6,3,27.648453
75,18,6,6,75.28769990000002
75,18,6,7,33.50608799999999
75,18,6,8,8.644055000000002
75,18,7,7,36.45061
75,18,8,8,9.160732
75,19,3,7,24.220889
75,19,3,8,2.5269398
75,19,4,7,9.945369
75,19,6,3,27.648453
75,19,6,6,25.624543
75,19,6,7,15.684811799999997
75,19,7,4,15.848672
75,19,7,6,22.353198000000003
75,19,7,7,22.889213899999998
75,20,3,5,9.945369
75,20,6,6,10.113347999999998
75,20,7,4,15.241023
75,20,7,7,35.5570992
75,21,7,7,4.6465706
76,14,7,4,15.848672
76,15,3,1,15.848672
76,16,3,7,13.681325000000001
76,16,6,6,31.347897
76,16,6,7,20.589501100000007
76,17,3,3,20.4399027
76,17,3,4,5.3328058
76,17,3,6,6.2836109
76,17,3,7,11.484080999999998
76,17,3,8,23.816856
76,17,6,4,5.3094076
76,17,6,6,49.8232
76,17,6,7,56.46940669999999
76,17,6,8,7.706852999999999
76,17,7,7,24.003441
76,17,8,7,11.10179
76,18,3,3,21.390487999999998
76,18,3,4,5.3328058
76,18,3,5,12.603896200000001
76,18,3,6,12.640287799999996
76,18,3,7,28.357371000000008
76,18,3,8,12.178474
76,18,6,3,14.807919000000002
76,18,6,6,49.197973999999995
76,18,6,7,58.76189199999999
76,18,6,8,10.395798
76,18,7,5,19.988843
76,18,7,7,46.44143
76,19,3,3,31.748303999999997
76,19,3,7,9.945369
76,19,3,8,10.800068999999999
76,19,6,6,27.830747000000002
76,19,6,7,9.182222000000001
76,19,7,4,14.609224000000003
76,19,7,5,10.330208
76,19,7,7,17.361712200000003
76,20,6,6,31.748303999999997
76,20,7,4,10.308431
76,20,7,7,9.645984600000002
76,21,7,7,4.6465706
77,10,7,7,9.182222000000001
77,11,3,3,45.58792699999999
77,11,4,3,19.317263000000004
77,11,7,1,3.1796107000000005
77,11,7,4,20.753166
77,11,7,7,20.715618
77,12,3,0,9.182222000000001
77,12,3,3,32.761477
77,12,4,4,21.183805999999997
77,12,4,7,8.330020999999999
77,13,3,0,9.182222000000001
77,13,3,3,25.8537587
77,13,3,4,21.183805999999997
77,13,7,3,10.800068999999999
77,14,3,3,25.834442900000003
77,14,3,4,10.807229999999999
77,14,6,6,5.2988067999999995
77,14,7,3,15.848672
77,15,0,2,1.1931829
77,15,0,3,4.1056239
77,15,3,3,28.578199300000005
77,15,3,4,8.165779999999998
77,15,3,6,11.539276
77,15,6,6,11.749493000000001
77,15,7,0,1.4266294
77,16,0,0,4.1056239
77,16,0,1,1.1931829
77,16,3,3,62.379247
77,16,3,4,50.224069000000014
77,16,3,6,11.749493000000001
77,16,3,7,33.471458999999996
77,16,4,3,17.038287
77,16,4,4,27.802795999999997
77,16,4,5,20.753166
77,16,6,1,16.177168
77,16,6,3,40.47162
77,16,6,6,52.21431250000001
77,16,6,7,64.12037099999999
77,17,3,3,27.840106
77,17,3,4,44.21802000000001
77,17,3,5,14.335488999999999
77,17,3,6,4.154685499999999
77,17,3,7,47.382013699999995
77,17,4,3,14.588811999999999
77,17,4,4,12.300532999999998
77,17,4,7,15.241023
77,17,6,3,14.967491
77,17,6,6,25.813634000000008
77,17,6,7,52.490157999999994
77,17,6,8,8.292024999999999
77,17,7,6,5.3094076
77,18,3,3,8.350521899999999
77,18,3,4,41.248624199999995
77,18,3,5,11.062926000000001
77,18,3,6,35.902989500000004
77,18,3,7,34.732271000000004
77,18,4,3,17.038287
77,18,4,4,40.90856699999999
77,18,4,5,21.183805999999997
77,18,6,3,16.339498
77,18,6,4,3.993090500000001
77,18,6,6,37.527189
77,18,6,7,6.6090129
77,18,7,3,20.753166
77,18,7,7,42.097517
77,19,3,4,7.234017000000001
77,19,3,5,19.455918999999998
77,19,4,4,10.065663999999998
77,19,4,7,13.361648999999998
77,19,6,5,4.6508616
77,19,6,7,21.9617048
77,19,7,3,8.330020999999999
77,19,7,4,9.65909
77,19,7,7,19.511851099999998
77,20,3,5,17.038287
77,20,3,7,11.693492999999998
77,20,4,4,19.317263000000004
77,20,7,3,8.330020999999999
77,20,7,4,15.241023
77,20,7,5,7.4947040000000005
77,20,7,7,15.492728300000005
77,21,7,7,4.6465706
78,9,4,1,15.241023
78,9,7,1,7.620514999999999
78,10,3,1,7.4947040000000005
78,10,3,4,21.183805999999997
78,10,4,1,0.7993888000000001
78,10,7,1,7.893823
78,10,7,3,2.4789092999999998
78,10,7,4,19.317263000000004
78,10,7,7,9.182222000000001
78,11,3,1,17.563504000000002
78,11,3,3,7.4947040000000005
78,11,3,4,6.670365800000001
78,11,3,6,1.6197453999999998
78,11,4,1,10.758755
78,11,4,4,35.730044
78,11,4,7,36.405705
78,11,6,1,1.6424226000000002
78,11,6,3,2.9658993
78,11,6,7,33.265085000000006
78,11,7,0,4.1056239
78,11,7,1,6.635937
78,11,7,3,5.1218146
78,11,7,4,7.651896000000001
78,11,7,7,20.816040700000002
78,12,3,3,18.1763309
78,12,3,4,3.6847223000000007
78,12,4,3,10.785061
78,12,4,4,13.259483999999999
78,12,4,7,8.330020999999999
78,12,6,3,34.479662
78,12,6,6,51.996973000000004
78,12,7,0,16.38322
78,12,7,1,4.866467900000001
78,12,7,3,7.365841
78,12,7,6,14.987699999999998
78,13,3,0,9.182222000000001
78,13,3,3,45.23322160000001
78,13,3,4,40.144195700000004
78,13,3,6,24.970155000000005
78,13,4,3,19.988843
78,13,4,7,9.945369
78,13,6,0,28.36791090000001
78,13,6,3,11.2901138
78,13,6,6,14.803557999999999
78,13,6,7,26.076000999999998
78,13,7,0,9.027368000000001
78,13,7,3,14.905692899999998
78,13,7,6,1.1931829
78,14,0,0,18.509694000000003
78,14,3,0,9.182222000000001
78,14,3,3,44.428329399999996
78,14,3,4,36.964585
78,14,3,6,6.309786000000001
78,14,3,7,11.539276
78,14,4,4,15.848672
78,14,6,0,28.920633700000007
78,14,6,3,12.864270999999999
78,14,6,6,61.41814700000002
78,14,7,3,13.681325000000001
78,14,7,6,1.1931829
78,14,8,2,5.994883300000001
78,15,0,0,6.6090129
78,15,0,1,1.4266294
78,15,0,3,12.864270999999999
78,15,3,0,9.182222000000001
78,15,3,3,48.366310999999996
78,15,3,4,53.314681000000014
78,15,3,6,44.472008
78,15,6,0,12.316142300000001
78,15,6,1,16.177168
78,15,6,3,54.929846999999995
78,15,6,4,7.706852999999999
78,15,6,6,60.56842399999999
78,15,6,7,10.395798
78,16,0,1,5.8956989
78,16,0,3,1.1931829
78,16,3,3,50.57290560000002
78,16,3,4,36.964585
78,16,3,6,28.872080999999994
78,16,3,7,33.457711
78,16,4,3,19.988843
78,16,6,0,9.081653000000001
78,16,6,1,16.177168
78,16,6,3,36.34869
78,16,6,4,4.700318
78,16,6,6,52.923486000000004
78,16,6,7,8.691046000000002
78,16,7,3,4.9217427
78,17,3,3,25.9402416
78,17,3,7,13.101207
78,17,4,3,13.308022000000001
78,17,6,0,9.081653000000001
78,17,6,3,33.970979
78,17,6,6,52.56125700000001
78,17,6,7,3.7048396000000006
78,17,7,7,3.993090500000001
78,18,3,3,28.648543000000007
78,18,3,4,18.584797000000002
78,18,3,5,11.131231999999999
78,18,3,7,0.7993888000000001
78,18,3,8,13.361648999999998
78,18,4,4,14.692145999999997
78,18,6,3,29.083417999999998
78,18,6,6,22.353198000000003
78,18,7,5,6.670365800000001
78,18,7,7,19.4935034
78,19,1,4,17.038287
78,19,3,3,7.125418300000001
78,19,3,4,12.526829000000001
78,19,3,7,11.293800000000001
78,19,4,7,18.584797000000002
78,19,6,3,12.325971000000003
78,19,6,5,5.6876792
78,19,6,6,24.302355000000002
78,19,7,5,6.670365800000001
78,19,7,7,35.730044
78,20,3,7,11.693492999999998
78,20,4,7,12.526829000000001
78,20,6,3,4.6465706
78,20,6,6,2.9658993
78,20,7,5,7.4947040000000005
78,21,6,6,4.6465706
79,9,1,1,15.241023
79,9,4,3,19.317263000000004
79,9,7,1,11.696769000000003
79,9,7,4,0.7993888000000001
79,9,7,7,15.241023
79,10,4,1,0.7993888000000001
79,10,4,4,18.077815
79,10,4,7,0.7993888000000001
79,10,6,1,4.8613971000000005
79,10,7,1,17.766567000000002
79,10,7,3,18.296215
79,10,7,4,12.300532999999998
79,10,7,7,48.493319
79,11,3,1,19.187266
79,11,3,4,12.526829000000001
79,11,3,7,4.8613971000000005
79,11,4,0,19.988843
79,11,4,1,2.4789092999999998
79,11,4,3,0.7993888000000001
79,11,4,4,20.753166
79,11,4,7,56.39454799999999
79,11,6,1,5.6876792
79,11,6,6,42.827883
79,11,7,1,5.284083000000001
79,11,7,3,9.257295599999999
79,11,7,4,7.410395999999999
79,11,7,5,13.975059
79,11,7,6,12.519542
79,11,7,7,41.464003000000005
79,11,8,0,12.277594
79,12,3,3,27.9161855
79,12,3,4,8.729588
79,12,3,6,31.3185425
79,12,4,4,13.259483999999999
79,12,6,0,10.395798
79,12,6,3,18.230173499999996
79,12,6,6,44.297904
79,12,7,0,13.288597000000003
79,12,7,1,8.330020999999999
79,12,7,3,34.837649
79,12,7,4,44.676233
79,12,7,6,20.938882999999997
79,12,7,7,18.527264
79,12,8,3,4.154685499999999
79,13,3,0,1.8237086
79,13,3,3,47.10376300000001
79,13,3,4,53.314681000000014
79,13,3,6,53.36659160000001
79,13,4,3,15.848672
79,13,6,0,14.55048
79,13,6,3,40.7180753
79,13,6,6,40.14786719999999
79,13,7,0,20.567372000000002
79,13,7,3,9.336502
79,13,7,6,13.691839000000002
79,13,7,7,29.418382000000005
79,14,0,0,18.509694000000003
79,14,3,3,52.655812999999995
79,14,3,4,16.350096
79,14,3,6,20.424397
79,14,4,3,15.848672
79,14,6,0,11.188331
79,14,6,3,42.9162776
79,14,6,6,53.63312080000001
79,14,7,0,19.582766
79,14,7,3,10.709950999999998
79,15,0,3,18.509694000000003
79,15,0,6,25.885853
79,15,3,0,9.182222000000001
79,15,3,3,44.1476595
79,15,3,4,8.729588
79,15,3,6,7.407070999999999
79,15,6,0,5.3384233
79,15,6,3,32.36303699999999
79,15,6,4,6.5423652
79,15,6,6,60.46014799999999
79,15,7,3,4.095173600000001
79,16,0,6,25.885853
79,16,3,0,9.182222000000001
79,16,3,3,10.378553500000002
79,16,3,6,7.407070999999999
79,16,3,7,15.241023
79,16,6,0,5.3328058
79,16,6,1,1.4266294
79,16,6,3,36.44910500000001
79,16,6,4,6.6090129
79,16,6,6,1.8237086
79,17,3,3,9.507967700000002
79,17,6,3,22.353198000000003
79,17,7,6,3.993090500000001
79,18,3,3,9.507967700000002
79,18,3,7,11.693492999999998
79,19,3,3,11.316936400000001
79,19,3,8,11.693492999999998
79,20,3,3,4.6465706
80,9,1,1,15.241023
80,9,1,4,15.241023
80,9,4,4,19.317263000000004
80,9,7,4,11.525178
80,9,7,7,14.841330000000003
80,10,3,1,13.361648999999998
80,10,4,3,2.4789092999999998
80,10,4,4,16.350096
80,10,6,6,26.769764000000002
80,10,7,0,12.526829000000001
80,10,7,1,17.366874000000003
80,10,7,3,12.263965000000002
80,10,7,4,21.183805999999997
80,10,7,6,4.1056239
80,10,7,7,55.440553
80,10,8,3,2.7437564
80,11,3,1,12.526829000000001
80,11,4,1,16.350096
80,11,4,3,16.7233017
80,11,4,4,15.798831999999999
80,11,4,7,12.526829000000001
80,11,5,6,12.277594
80,11,6,0,1.4266294
80,11,6,3,56.367164
80,11,6,6,47.014079
80,11,7,1,9.105376
80,11,7,3,35.608944
80,11,7,4,15.848672
80,11,7,5,8.011325
80,11,7,6,32.58089799999999
80,11,7,7,34.430263
80,12,0,6,10.922960999999999
80,12,3,6,25.885853
80,12,3,7,3.8190802999999995
80,12,4,4,15.241023
80,12,6,3,41.26255140000001
80,12,6,6,36.461677
80,12,7,0,15.054774
80,12,7,1,17.359999300000002
80,12,7,3,68.258057
80,12,7,4,6.3747579000000005
80,12,7,6,14.757575000000003
80,12,7,7,21.773590999999996
80,12,8,3,4.154685499999999
80,13,0,6,10.922960999999999
80,13,3,0,1.8237086
80,13,3,3,11.693492999999998
80,13,3,6,23.976323
80,13,6,3,43.013660200000004
80,13,6,6,47.086242699999985
80,13,7,0,1.3734469000000002
80,13,7,3,9.336502
80,13,7,4,9.945369
80,13,7,6,5.3384233
80,14,0,6,10.922960999999999
80,14,3,3,13.5172016
80,14,6,3,14.978998999999998
80,14,6,6,61.894182699999995
80,14,7,0,1.3734469000000002
80,15,3,3,13.5172016
80,16,3,3,11.693492999999998
80,17,3,7,11.693492999999998
80,18,3,7,11.693492999999998
81,9,1,1,15.241023
81,9,4,1,15.241023
81,9,7,3,8.729588
81,9,7,4,8.985011000000002
81,9,7,6,9.126543999999999
81,9,7,7,14.841330000000003
81,9,8,8,26.076000999999998
81,10,3,1,13.361648999999998
81,10,4,3,10.800068999999999
81,10,4,4,15.848672
81,10,6,3,12.821697
81,10,6,6,20.949656
81,10,6,7,24.033177
81,10,7,1,0.7993888000000001
81,10,7,3,11.5939327
81,10,7,4,16.350096
81,10,7,6,1.1931829
81,10,7,7,44.078692
81,10,8,3,2.7437564
81,10,8,6,12.718405
81,10,8,8,26.076000999999998
81,11,3,1,10.001922
81,11,3,3,5.827390800000001
81,11,4,1,16.350096
81,11,4,6,4.154685499999999
81,11,5,6,12.277594
81,11,6,3,12.821697
81,11,6,6,43.64192
81,11,6,7,31.347897
81,11,7,0,4.9217427
81,11,7,1,11.771850999999998
81,11,7,3,58.37515600000001
81,11,7,4,48.15951
81,11,7,6,32.86121299999999
81,11,7,7,30.78917030000001
81,11,8,3,22.460774
81,11,8,6,16.465743
81,12,3,1,11.693492999999998
81,12,4,6,4.154685499999999
81,12,6,6,51.65039599999999
81,12,6,7,31.347897
81,12,7,0,4.9217427
81,12,7,1,10.800068999999999
81,12,7,3,64.51447800000001
81,12,7,4,8.004829
81,12,7,6,40.86422200000001
81,12,7,7,26.547980900000002
81,12,8,6,6.6090129
81,13,6,0,4.9217427
81,13,6,6,20.460447
81,13,7,3,9.945369
82,9,4,3,15.848672
82,9,4,4,15.241023
82,9,6,7,24.033177
82,9,7,1,15.241023
82,9,7,4,7.530075000000001
82,9,7,6,9.126543999999999
82,9,7,7,50.571374000000006
82,10,4,7,51.517949
82,10,5,3,16.350096
82,10,5,6,14.501431
82,10,6,6,42.417781
82,10,6,7,18.694781
82,10,7,3,39.585315699999995
82,10,7,4,12.828844
82,10,7,6,1.1931829
82,10,7,7,54.26484419999999
82,10,8,3,2.7437564
82,10,8,6,3.1387272
82,10,8,8,17.64322
82,11,3,7,17.038287
82,11,4,1,13.975059
82,11,4,3,11.539276
82,11,5,4,16.350096
82,11,5,6,9.345924
82,11,6,3,22.536171000000003
82,11,6,6,34.495619899999994
82,11,6,7,31.347897
82,11,7,1,14.258874
82,11,7,3,44.735726
82,11,7,4,9.719472
82,11,7,6,45.37396429999999
82,11,7,7,40.46000699999999
82,11,8,3,50.27882300000001
82,11,8,6,15.342644800000002
82,11,8,8,30.681216999999997
82,12,5,7,12.277594
82,12,6,6,22.536171000000003
82,12,7,1,11.693492999999998
82,12,7,6,17.0966733
82,12,7,7,16.674028
82,12,8,3,8.004829
82,12,8,6,5.3328058
82,12,8,8,7.296002
83,9,5,6,1.1931829
83,9,6,7,24.033177
83,9,7,4,7.530075000000001
83,9,7,7,43.82497
83,9,8,8,9.126543999999999
83,10,4,4,40.144195700000004
83,10,4,7,41.87483300000001
83,10,5,6,12.900636
83,10,6,7,31.347897
83,10,7,1,3.1796107000000005
83,10,7,3,3.1796107000000005
83,10,7,4,20.753166
83,10,7,7,55.17198119999998
83,10,8,3,36.405705
83,10,8,6,4.0447687
83,10,8,7,30.492133
83,10,8,8,40.605089
83,11,4,1,13.975059
83,11,5,3,8.004829
83,11,5,4,18.761736
83,11,5,6,16.628906
83,11,6,6,5.5754111
83,11,7,1,12.385261
83,11,7,4,13.102348000000001
83,11,7,6,19.538728999999996
83,11,7,7,52.91380499999999
83,11,8,3,51.35564
83,11,8,6,13.712531
83,11,8,7,18.693506999999997
83,11,8,8,31.517206
83,12,5,6,5.3328058
83,12,5,7,12.277594
83,12,7,7,16.674028
83,12,8,8,7.296002
84,9,5,4,15.848672
84,9,5,6,1.1931829
84,9,7,4,11.142229
84,9,7,7,49.160118000000004
84,9,8,8,24.033177
84,10,5,4,15.848672
84,10,5,6,13.814702999999998
84,10,5,7,2.7437564
84,10,6,6,26.076000999999998
84,10,7,1,3.1796107000000005
84,10,7,3,11.771850999999998
84,10,7,7,58.69655680000001
84,10,8,6,5.867697499999999
84,10,8,7,24.937051999999994
84,10,8,8,49.933324
84,11,5,3,2.7217267
84,11,5,5,10.922960999999999
84,11,5,6,11.671498999999997
84,11,5,7,2.7437564
84,11,7,3,30.649086999999994
84,11,7,4,40.144195700000004
84,11,7,6,12.278494199999999
84,11,7,7,38.151876
84,11,8,3,5.3094076
84,11,8,6,17.111206000000003
84,11,8,7,31.562251
84,11,8,8,41.891591000000005
84,12,5,6,12.277594
84,12,7,4,16.674028
84,12,8,4,47.88754600000001
84,12,8,5,7.296002
84,12,8,7,18.497738
84,12,8,8,18.9306719
85,9,5,6,1.1931829
85,9,7,4,11.142229
85,9,7,7,46.99979200000001
85,10,4,4,13.361648999999998
85,10,5,6,9.565066000000002
85,10,5,7,5.2988067999999995
85,10,7,7,70.970823
85,10,8,6,6.6726135
85,10,8,7,31.347897
85,10,8,8,38.79942499999999
85,11,4,4,13.975059
85,11,5,1,3.5660296
85,11,5,6,10.357025000000002
85,11,5,7,45.480819999999994
85,11,6,6,3.6945327999999993
85,11,7,7,39.115181
85,11,7,8,27.928593000000003
85,11,8,3,5.3094076
85,11,8,4,20.460447
85,11,8,6,7.706852999999999
85,11,8,8,24.666600000000003
85,12,5,6,15.843611
85,12,5,7,2.7437564
85,12,7,7,22.353198000000003
85,12,8,3,10.922960999999999
85,12,8,4,57.425032000000016
85,12,8,7,18.497738
85,12,8,8,26.011852999999995
85,13,8,8,19.3430769
86,9,7,4,16.350096
86,9,7,7,43.56161600000001
86,10,4,4,13.975059
86,10,5,6,6.366105200000001
86,10,5,7,24.643214399999994
86,10,7,7,39.59465999999999
86,10,8,6,7.706852999999999
86,10,8,8,26.076000999999998
86,11,2,3,5.3328058
86,11,2,7,8.004829
86,11,4,1,10.050761000000001
86,11,4,7,16.177168
86,11,5,1,4.5650514
86,11,5,3,16.180885
86,11,5,5,28.604919000000002
86,11,5,6,17.970197
86,11,5,7,19.633502
86,11,7,6,27.802795999999997
86,11,7,7,23.089857000000002
86,11,8,4,36.405705
86,11,8,6,7.706852999999999
86,11,8,7,10.069520999999998
86,11,8,8,25.305077
86,12,1,0,10.395798
86,12,2,6,11.539276
86,12,4,7,10.395798
86,12,5,4,7.657055000000001
86,12,5,5,38.661714
86,12,5,6,15.843611
86,12,5,7,19.175016
86,12,6,6,12.864270999999999
86,12,7,4,36.964585
86,12,7,7,13.371743
86,12,8,4,36.405705
86,12,8,5,17.040982
86,12,8,7,16.859255
86,12,8,8,28.855722000000004
86,13,2,0,5.3328058
86,13,5,5,25.873554
86,13,5,7,13.729044
86,13,8,5,23.158142000000005
86,13,8,8,36.74732600000001
86,14,5,5,31.748303999999997
86,14,8,8,18.8226549
86,15,5,1,16.350096
87,9,4,7,19.317263000000004
87,9,7,4,16.350096
87,9,7,7,8.426971000000002
87,9,7,8,35.730044
87,10,4,7,9.228449999999999
87,10,5,3,7.706852999999999
87,10,5,4,13.008765
87,10,5,5,36.5294328
87,10,5,6,1.4266294
87,10,5,7,1.6424226000000002
87,10,7,1,8.519147
87,10,7,7,5.3334708
87,11,4,4,13.975059
87,11,4,7,11.469702999999999
87,11,5,1,24.74514
87,11,5,3,5.3328058
87,11,5,4,22.6104354
87,11,5,5,28.147195999999994
87,11,5,6,10.873842000000002
87,11,5,7,24.400152
87,11,7,4,9.945369
87,11,7,7,19.853435
87,11,8,5,3.6945327999999993
87,11,8,6,7.706852999999999
87,11,8,8,23.078559
87,12,4,7,5.3094076
87,12,5,1,7.110264
87,12,5,4,13.898938199999998
87,12,5,5,58.86597710000001
87,12,5,6,4.9217427
87,12,5,7,48.931162
87,12,5,8,39.253214
87,12,7,4,36.964585
87,12,7,5,10.395798
87,12,7,7,11.539276
87,12,8,4,36.405705
87,12,8,5,30.013956000000004
87,12,8,7,4.6635575000000005
87,12,8,8,36.444618000000006
87,13,2,5,5.5754111
87,13,5,1,16.350096
87,13,5,2,26.076000999999998
87,13,5,4,47.756898
87,13,5,5,37.398937100000005
87,13,5,6,2.5269398
87,13,5,7,10.510919999999999
87,13,5,8,28.548772000000003
87,13,8,4,36.964585
87,13,8,5,34.966414
87,13,8,6,5.3328058
87,13,8,7,1.8237086
87,13,8,8,24.571897
87,14,2,2,7.412258000000001
87,14,2,5,10.922960999999999
87,14,2,7,4.1056239
87,14,2,8,5.5754111
87,14,5,4,48.34200700000001
87,14,5,5,40.80835570000001
87,14,5,7,15.021356
87,14,5,8,6.4061907
87,14,8,5,51.14166400000001
87,14,8,7,25.885853
87,14,8,8,43.224706000000005
87,15,5,1,16.350096
87,15,5,5,25.137312899999998
87,15,5,7,14.987699999999998
87,15,7,4,16.350096
87,15,7,8,2.5269398
87,15,8,5,3.5660296
87,15,8,8,30.507134
87,16,4,5,35.730044
87,16,5,5,14.663394899999998
87,16,5,8,31.748303999999997
87,16,7,5,16.350096
87,16,8,8,10.922960999999999
87,17,5,5,12.7637909
87,17,8,7,31.748303999999997
87,18,5,5,19.1997449
87,18,8,4,6.670365800000001
87,18,8,5,33.265085000000006
87,19,4,4,35.730044
87,19,4,5,8.330020999999999
87,19,4,7,9.945369
87,19,5,7,9.217971
87,19,5,8,4.8613971000000005
87,19,7,7,34.479662
88,9,4,7,13.361648999999998
88,9,5,5,15.241023
88,9,5,7,19.317263000000004
88,10,4,7,10.065663999999998
88,10,5,4,7.294238
88,10,5,5,11.984042
88,10,5,7,10.204950000000002
88,10,7,4,17.038287
88,10,8,5,7.4947040000000005
88,11,4,7,8.828259999999998
88,11,5,4,6.764300199999999
88,11,5,5,4.8217568
88,11,5,7,14.692145999999997
88,11,7,4,3.1796107000000005
88,12,4,5,10.395798
88,12,4,7,16.350096
88,12,5,4,17.942791999999997
88,12,5,5,19.658057299999996
88,12,5,7,23.167914000000003
88,12,8,4,31.347897
88,12,8,5,5.3094076
88,12,8,8,18.859154299999997
88,13,2,8,16.674028
88,13,5,1,8.175055
88,13,5,2,10.900085
88,13,5,4,21.241940999999994
88,13,5,5,48.98526429999999
88,13,5,7,22.57913
88,13,5,8,30.053502499999997
88,13,7,5,6.2836109
88,13,8,4,31.347897
88,13,8,5,18.2779114
88,13,8,8,26.632745999999997
88,14,2,5,16.674028
88,14,2,8,12.864270999999999
88,14,4,5,23.82863
88,14,5,2,9.126543999999999
88,14,5,4,50.802325
88,14,5,5,49.35641339999998
88,14,5,7,43.17368299999999
88,14,5,8,21.266584500000008
88,14,8,5,73.009839
88,14,8,8,38.2687389
88,15,4,5,2.7217267
88,15,5,4,58.148391000000004
88,15,5,5,57.3472977
88,15,5,7,28.117236
88,15,5,8,36.95934899999999
88,15,7,1,16.177168
88,15,7,4,36.405705
88,15,7,5,14.842569
88,15,7,8,15.3486368
88,15,8,5,56.335964999999995
88,15,8,8,39.30164700000001
88,16,4,5,14.31899
88,16,5,4,39.94554199999999
88,16,5,5,52.963778700000006
88,16,5,8,23.976031099999997
88,16,7,2,5.3094076
88,16,7,4,16.350096
88,16,7,5,7.979818000000002
88,16,7,8,12.821697
88,16,8,2,3.6945327999999993
88,16,8,5,32.206615
88,16,8,8,29.625463
88,17,4,5,13.975059
88,17,5,4,50.224069000000014
88,17,5,5,71.26345170000002
88,17,7,2,9.404359999999999
88,17,7,5,4.6226845
88,17,7,7,31.748303999999997
88,17,8,5,12.057873800000001
88,17,8,7,10.922960999999999
88,17,8,8,33.498423
88,18,4,4,36.964585
88,18,5,4,7.165480000000001
88,18,5,5,5.889869999999999
88,18,5,7,3.1796107000000005
88,18,7,4,13.259483999999999
88,18,7,7,26.653688600000002
88,18,7,8,25.23297
88,18,8,4,6.670365800000001
88,18,8,7,14.967491
88,18,8,8,29.568973000000003
88,19,4,5,17.038287
88,19,4,7,3.9480503999999996
88,19,5,5,9.292121999999999
88,19,5,7,3.3839253
88,19,7,5,9.955056999999998
88,19,7,7,19.732934199999995
88,19,8,4,6.670365800000001
88,20,5,7,4.8613971000000005
88,20,7,7,10.800068999999999
89,10,5,5,12.526829000000001
89,11,5,5,12.526829000000001
89,11,7,4,3.1796107000000005
89,12,5,5,12.526829000000001
89,13,5,5,12.526829000000001
89,13,8,8,5.994883300000001
89,14,2,8,12.864270999999999
89,14,5,5,49.2630089
89,14,8,8,28.348081300000004
89,15,2,8,12.864270999999999
89,15,5,5,45.18299590000001
89,15,5,8,25.493741
89,15,6,5,2.5269398
89,15,7,2,5.3328058
89,15,7,5,6.8984419
89,15,8,5,12.277594
89,15,8,8,32.6906923
89,16,1,4,36.405705
89,16,4,5,25.383498000000003
89,16,5,5,53.966745
89,16,5,8,17.522225000000002
89,16,6,5,9.205686
89,16,7,1,11.539276
89,16,7,2,3.9719421000000006
89,16,7,4,16.350096
89,16,7,5,49.075382999999995
89,16,7,7,12.821697
89,16,7,8,9.081653000000001
89,16,8,5,47.36822719999999
89,16,8,8,29.69122099999999
89,17,4,5,17.815644
89,17,5,4,16.350096
89,17,5,5,56.860748000000015
89,17,5,8,14.614999
89,17,6,5,13.681325000000001
89,17,6,8,23.795422000000002
89,17,7,2,9.005339
89,17,7,4,13.975059
89,17,7,5,49.669745999999996
89,17,7,7,22.527222200000004
89,17,8,5,39.959535
89,17,8,8,21.60361
89,18,4,7,13.371743
89,18,5,5,11.503155999999999
89,18,5,7,17.727465000000002
89,18,6,5,1.3734469000000002
89,18,7,4,50.224069000000014
89,18,7,5,22.766355500000007
89,18,7,7,23.890104
89,18,7,8,8.363341
89,18,8,7,24.149713
89,18,8,8,44.3767436
89,19,5,7,3.6295839999999995
89,19,7,4,14.692145999999997
89,19,7,5,14.920402000000003
89,19,7,7,24.549917699999998
89,19,7,8,8.363341
89,19,8,8,29.568973000000003
89,20,5,7,4.1595189999999995
89,20,7,7,7.497287
90,14,8,8,5.994883300000001
90,15,8,8,5.994883300000001
90,16,1,4,36.405705
90,16,3,4,30.681216999999997
90,16,4,4,36.405705
90,16,5,5,22.353198000000003
90,16,5,8,1.8237086
90,16,6,5,7.124124000000002
90,16,7,5,2.7437564
90,16,7,7,12.821697
90,16,8,5,3.9426114
90,16,8,8,41.499576299999994
90,17,4,5,9.404359999999999
90,17,5,4,36.405705
90,17,5,5,30.073911000000003
90,17,5,7,30.681216999999997
90,17,5,8,16.8114086
90,17,6,5,22.7750229
90,17,6,7,41.604178000000005
90,17,6,8,22.673378
90,17,7,1,13.975059
90,17,7,3,36.405705
90,17,7,4,13.975059
90,17,7,5,44.991737
90,17,7,7,28.014714000000005
90,17,7,8,51.749621000000005
90,17,8,5,18.557610399999998
90,17,8,8,26.646592000000002
90,18,3,5,13.681325000000001
90,18,4,5,11.683196000000002
90,18,5,4,15.848672
90,18,5,8,1.8237086
90,18,6,5,6.7062527
90,18,6,8,14.816304999999998
90,18,7,4,17.670436
90,18,7,5,35.216384
90,18,7,7,50.72784990000001
90,18,7,8,58.05063599999999
90,18,8,4,36.964585
90,18,8,7,26.076000999999998
90,18,8,8,32.156600000000005
90,19,7,5,14.920402000000003
90,19,7,7,57.46580070000002
90,19,7,8,16.674028
90,19,8,8,18.198075000000003
90,20,7,4,6.670365800000001
90,20,7,7,6.5716371
90,20,7,8,8.363341
90,20,8,7,7.4947040000000005
91,16,3,3,36.405705
91,16,7,5,1.1931829
91,17,3,3,36.405705
91,17,3,5,4.9217427
91,17,3,8,1.4266294
91,17,5,3,30.681216999999997
91,17,5,5,42.84909089999999
91,17,6,5,19.521684
91,17,6,8,47.11719599999999
91,17,7,4,6.9875316
91,17,7,5,4.1056239
91,17,7,7,32.757438
91,17,7,8,10.900085
91,17,8,5,1.1931829
91,17,8,8,12.516762299999998
91,18,3,5,1.1931829
91,18,3,7,5.3094076
91,18,3,8,17.892105
91,18,4,4,17.670436
91,18,4,5,6.3483721
91,18,5,5,2.5269398
91,18,5,8,4.567464999999999
91,18,6,2,5.3328058
91,18,6,6,9.182222000000001
91,18,6,7,30.270638999999996
91,18,6,8,17.665851
91,18,7,4,45.19274200000001
91,18,7,5,32.396553
91,18,7,6,29.414644000000003
91,18,7,7,42.7881713
91,18,7,8,43.13658300000001
91,18,8,7,26.076000999999998
91,18,8,8,48.328644
91,19,3,5,21.183805999999997
91,19,5,8,1.8237086
91,19,7,7,53.31681810000001
91,19,7,8,22.3310899
91,19,8,7,18.592252
91,19,8,8,38.51911
91,20,7,3,7.4947040000000005
91,20,7,4,6.670365800000001
91,20,7,7,24.7697121
91,20,7,8,16.674028
92,17,3,5,6.2836109
92,17,5,5,9.081653000000001
92,17,6,5,14.614999
92,17,6,6,20.160273
92,17,6,7,25.885853
92,17,6,8,53.35459500000001
92,17,7,7,56.485513
92,17,8,6,5.5837859000000005
92,17,8,8,18.571721
92,18,3,5,2.7217267
92,18,3,7,37.052813
92,18,3,8,18.415376000000002
92,18,4,5,9.081653000000001
92,18,4,8,2.7437564
92,18,5,5,18.561193000000003
92,18,6,4,3.5660296
92,18,6,5,1.3734469000000002
92,18,6,7,14.470631
92,18,6,8,9.567712
92,18,7,4,45.39035200000001
92,18,7,5,13.975059
92,18,7,7,50.22073490000001
92,18,7,8,16.177168
92,18,8,7,21.241289999999996
92,18,8,8,32.991335299999996
92,19,3,8,2.7437564
92,19,4,4,17.670436
92,19,4,7,35.795473
92,19,6,6,14.967491
92,19,6,7,29.568973000000003
92,19,6,8,6.6090129
92,19,7,4,21.183805999999997
92,19,7,5,8.861139
92,19,7,7,39.9310737
92,19,8,7,11.10179
92,19,8,8,4.511933300000001
92,20,6,6,14.967491
92,20,7,7,20.7464824
92,20,7,8,16.674028
92,20,8,8,17.670436
93,17,3,8,9.404359999999999
93,17,6,4,30.681216999999997
93,17,6,5,14.614999
93,17,6,6,15.569162000000002
93,17,6,7,31.718393000000006
93,17,6,8,3.8190802999999995
93,17,7,7,25.137615999999998
93,18,0,5,5.3328058
93,18,1,1,16.177168
93,18,1,4,3.993090500000001
93,18,3,7,11.716838
93,18,3,8,40.923379
93,18,6,6,29.7705338
93,18,6,7,16.135497
93,18,6,8,11.790121000000001
93,18,7,4,42.8501822
93,18,7,7,31.873611000000004
93,18,8,7,31.347897
93,18,8,8,8.13106
93,19,3,7,9.35277
93,19,3,8,10.038371000000001
93,19,4,7,14.967491
93,19,6,6,12.650575000000002
93,19,6,7,20.314154
93,19,6,8,2.7217267
93,19,7,3,5.6876792
93,19,7,4,14.692145999999997
93,19,7,5,8.861139
93,19,7,7,20.521925200000005
93,19,7,8,11.10179
93,19,8,8,2.9658993
93,20,6,6,7.412258000000001
93,20,6,7,16.674028
93,20,6,8,11.10179
93,20,7,7,14.110508999999999
93,20,8,8,17.670436
94,17,0,2,2.5269398
94,17,0,3,5.927483100000001
94,17,0,4,5.3328058
94,17,0,6,3.1387272
94,17,3,4,5.978707
94,17,3,5,1.6576980000000001
94,17,3,6,13.681325000000001
94,17,3,7,19.134856999999997
94,17,3,8,9.404359999999999
94,17,6,1,6.2836109
94,17,6,3,30.681216999999997
94,17,6,4,35.856303
94,17,6,5,23.696651999999997
94,17,6,6,29.240910999999997
94,17,6,7,16.546229
94,17,6,8,11.115082300000001
94,17,7,5,10.395798
94,17,7,7,32.472573000000004
94,18,0,3,8.004829
94,18,3,3,4.1744871
94,18,3,4,46.16826060000001
94,18,3,5,5.3328058
94,18,3,7,15.682428999999999
94,18,3,8,46.638354
94,18,4,4,16.350096
94,18,4,5,2.7536355
94,18,4,7,7.369116999999999
94,18,6,1,9.081653000000001
94,18,6,3,40.976383
94,18,6,4,24.033177
94,18,6,6,46.524849
94,18,6,7,35.2094848
94,18,6,8,18.751474
94,18,7,1,14.967491
94,18,7,4,8.228157
94,18,7,5,14.614999
94,18,7,7,49.704227300000014
94,18,8,4,36.964585
94,19,2,2,17.670436
94,19,3,7,2.7217267
94,19,3,8,16.177168
94,19,4,1,8.363341
94,19,4,4,24.185462
94,19,4,7,8.330020999999999
94,19,6,3,23.344393799999995
94,19,6,6,35.272629
94,19,6,7,32.977686
94,19,7,3,2.3848902
94,19,7,4,13.975059
94,19,7,5,15.848672
94,19,7,7,19.9013122
94,19,8,4,36.964585
94,19,8,5,14.967491
94,20,4,4,17.670436
94,20,6,6,11.10179
94,20,6,7,17.670436
94,20,7,3,3.5741517
94,20,7,4,13.975059
94,20,7,5,8.330020999999999
94,20,7,7,14.163019499999999
95,11,7,3,19.317263000000004
95,12,3,3,36.405705
95,12,4,3,19.317263000000004
95,12,4,4,19.988843
95,13,3,3,19.317263000000004
95,13,3,4,36.405705
95,13,3,7,3.993090500000001
95,13,4,3,19.988843
95,13,6,3,7.296002
95,14,3,3,42.422401
95,14,3,4,36.964585
95,14,3,6,1.1931829
95,14,3,7,1.6197453999999998
95,14,7,3,4.1056239
95,15,0,3,1.1931829
95,15,0,6,3.2565953
95,15,3,3,11.284435400000001
95,15,3,4,17.545738
95,15,6,3,17.489885
95,15,6,6,25.885853
95,15,6,7,6.6090129
95,16,0,0,5.3094076
95,16,0,1,16.177168
95,16,0,5,1.1931829
95,16,0,7,9.027368000000001
95,16,3,1,11.539276
95,16,3,2,7.706852999999999
95,16,3,3,46.196794
95,16,3,4,29.684696999999996
95,16,3,5,5.6876792
95,16,3,6,33.706715
95,16,3,7,9.302475
95,16,4,3,19.988843
95,16,6,1,6.2836109
95,16,6,3,38.429447
95,16,6,4,27.850302899999992
95,16,6,6,35.16839409999999
95,16,6,7,8.898833999999999
95,16,6,8,10.900085
95,17,0,1,9.438429000000001
95,17,0,2,2.5269398
95,17,0,4,10.038371000000001
95,17,0,6,10.231158
95,17,0,7,6.8984419
95,17,3,3,53.5421229
95,17,3,4,54.69146480000001
95,17,3,5,12.969292
95,17,3,6,12.968010999999999
95,17,3,7,37.204328700000005
95,17,3,8,16.787421000000002
95,17,4,4,36.405705
95,17,4,7,8.004829
95,17,6,2,9.081653000000001
95,17,6,3,37.389646
95,17,6,4,35.856303
95,17,6,5,7.7636313999999995
95,17,6,6,41.55069449999999
95,17,6,7,34.570361
95,17,6,8,37.1359072
95,17,7,7,31.718393000000003
95,17,8,8,3.6945327999999993
95,18,0,7,5.927483100000001
95,18,1,4,3.993090500000001
95,18,3,3,14.848287999999998
95,18,3,4,7.9852989999999995
95,18,3,5,44.016147000000004
95,18,3,6,9.789970400000001
95,18,3,7,27.6256561
95,18,3,8,2.7437564
95,18,4,4,35.43700299999999
95,18,4,5,21.183805999999997
95,18,4,7,8.672643
95,18,6,3,31.14202
95,18,6,4,18.629814
95,18,6,6,44.16188
95,18,6,7,22.389633000000003
95,18,6,8,7.8597470000000005
95,18,7,4,7.731317999999999
95,18,7,7,43.33598290000002
95,18,8,8,27.648453
95,19,2,2,17.670436
95,19,3,3,19.16341
95,19,3,4,14.692145999999997
95,19,3,5,0.7993888000000001
95,19,3,7,6.2934655
95,19,4,3,8.363341
95,19,4,4,11.971204
95,19,4,5,7.194033000000001
95,19,4,7,10.576866999999998
95,19,6,4,25.165139999999997
95,19,6,6,25.280471999999996
95,19,7,3,3.1796107000000005
95,19,7,4,13.361648999999998
95,19,7,5,17.766567000000002
95,19,7,7,25.128838
95,19,8,1,14.967491
95,19,8,8,23.466779
95,20,3,7,10.800068999999999
95,20,4,5,10.527146
95,20,6,6,8.363341
95,20,7,3,3.1796107000000005
95,20,7,4,13.975059
95,20,7,7,8.363341
96,10,4,3,19.317263000000004
96,10,7,1,3.3351821999999998
96,10,7,3,17.763592000000003
96,10,7,7,29.044168999999997
96,11,3,3,24.050462799999995
96,11,4,1,1.6424226000000002
96,11,4,4,36.405705
96,11,6,1,2.4789092999999998
96,11,6,3,19.473013
96,11,6,6,25.781343
96,11,7,1,20.362594
96,11,7,3,6.710102000000001
96,11,7,4,54.468504999999986
96,12,3,1,2.4789092999999998
96,12,3,3,14.687793399999999
96,12,3,4,13.259483999999999
96,12,4,1,19.988843
96,12,4,3,7.816872
96,12,4,4,52.755801000000005
96,12,6,6,20.655075
96,12,6,7,29.414644000000003
96,12,7,0,1.1931829
96,12,7,1,4.8613971000000005
96,12,7,3,11.365116
96,12,7,4,11.832534
96,12,7,5,36.405705
96,12,7,6,10.800068999999999
96,13,0,3,7.407070999999999
96,13,3,3,10.286628799999999
96,13,3,4,10.567186000000001
96,13,3,6,13.681325000000001
96,13,3,7,5.612835900000002
96,13,4,4,36.405705
96,13,6,0,25.675265000000003
96,13,6,6,29.910911800000008
96,13,7,3,5.2988067999999995
96,13,7,6,7.706852999999999
96,14,3,3,37.77020939999999
96,14,3,4,10.920952
96,14,3,6,24.302355000000002
96,14,3,7,1.6197453999999998
96,14,4,3,8.330020999999999
96,14,6,0,40.33097109999999
96,14,6,3,36.129137099999994
96,14,6,6,25.4635864
96,14,7,0,4.9217427
96,14,7,3,26.60763
96,14,7,4,36.964585
96,14,7,6,10.942680000000001
96,15,0,0,9.182222000000001
96,15,0,1,5.3328058
96,15,0,3,3.8190802999999995
96,15,3,3,29.6380434
96,15,3,4,10.437728
96,15,3,5,9.36257
96,15,3,6,51.85830509999998
96,15,6,0,28.124928999999998
96,15,6,3,38.46617739999999
96,15,6,4,21.241289999999996
96,15,6,6,47.71329570000001
96,15,6,7,14.972353900000002
96,15,7,3,23.075974599999995
96,16,0,0,9.182222000000001
96,16,0,3,3.8190802999999995
96,16,0,4,1.1931829
96,16,0,7,9.35277
96,16,3,0,1.8237086
96,16,3,3,38.633621600000005
96,16,3,4,5.1584785
96,16,3,6,26.912445
96,16,3,7,32.295116
96,16,3,8,7.706852999999999
96,16,4,1,17.670436
96,16,6,0,11.769247000000002
96,16,6,3,60.555935999999996
96,16,6,4,18.400661999999997
96,16,6,5,13.394532200000002
96,16,6,6,49.19432770000002
96,16,6,7,19.821794999999998
96,16,6,8,22.117010999999998
96,17,0,7,4.1056239
96,17,3,3,34.5759995
96,17,3,4,25.408194
96,17,3,5,7.553679
96,17,3,6,27.715037
96,17,3,7,3.1796107000000005
96,17,4,4,14.196287
96,17,4,7,7.412258000000001
96,17,4,8,16.350096
96,17,6,3,49.107701999999996
96,17,6,4,31.347897
96,17,6,6,43.73204570000001
96,17,6,7,40.20901500000001
96,17,6,8,38.49939800000001
96,17,7,3,15.241023
96,17,7,5,10.800068999999999
96,17,7,7,1.6424226000000002
96,18,0,7,4.1056239
96,18,3,1,20.753166
96,18,3,3,27.070270500000003
96,18,3,4,5.893986000000001
96,18,3,7,11.693492999999998
96,18,4,3,3.993090500000001
96,18,4,4,1.9038985
96,18,4,5,3.993090500000001
96,18,5,4,16.350096
96,18,6,3,14.672994000000001
96,18,6,6,49.0518119
96,18,7,3,7.4947040000000005
96,18,7,4,7.058106999999998
96,18,7,5,8.803529000000001
96,18,7,7,30.356564000000002
96,19,1,4,3.993090500000001
96,19,3,3,16.940958300000002
96,19,3,4,17.766567000000002
96,19,3,5,5.738459300000001
96,19,3,7,26.660984
96,19,4,3,13.975059
96,19,4,4,35.730044
96,19,4,7,12.234033
96,19,6,6,22.591779
96,19,7,5,15.770026999999997
96,19,7,7,35.6353886
96,20,4,4,13.975059
96,20,4,5,10.779041000000001
96,20,7,4,8.330020999999999
97,9,6,3,24.033177
97,9,7,3,18.584797000000002
97,10,3,3,24.033177
97,10,4,3,18.584797000000002
97,10,4,7,19.317263000000004
97,10,5,1,20.753166
97,10,6,3,10.113347999999998
97,10,6,6,18.509694000000003
97,10,6,7,2.9658993
97,10,7,1,7.005257
97,10,7,3,20.753166
97,10,7,4,12.526829000000001
97,10,7,7,34.7600918
97,11,3,1,4.8613971000000005
97,11,3,3,10.113347999999998
97,11,3,4,27.7906972
97,11,4,1,15.027467000000001
97,11,6,3,37.401196
97,11,6,4,7.4947040000000005
97,11,6,6,41.263907999999994
97,11,6,7,5.8130505999999995
97,11,7,0,2.7993021000000002
97,11,7,1,15.560272000000001
97,11,7,3,9.067065000000001
97,11,7,4,44.38480200000001
97,11,7,6,8.280972
97,11,7,7,35.01782899999999
97,12,0,3,3.6945327999999993
97,12,0,6,1.9038985
97,12,1,5,1.1931829
97,12,3,1,4.8613971000000005
97,12,3,3,32.7827402
97,12,3,6,12.840526999999998
97,12,3,7,2.7799163
97,12,4,4,26.950461999999995
97,12,4,7,36.405705
97,12,6,0,4.154685499999999
97,12,6,1,1.6197453999999998
97,12,6,3,54.707625699999994
97,12,6,6,28.808632999999993
97,12,6,7,16.930557
97,12,6,8,7.296002
97,12,7,0,14.970094999999997
97,12,7,1,4.8613971000000005
97,12,7,3,46.51848670000001
97,12,7,4,5.952200800000001
97,12,7,6,11.504807300000003
97,12,7,7,27.3504
97,13,0,0,7.407070999999999
97,13,0,3,24.154976999999995
97,13,0,6,1.9038985
97,13,3,3,32.7827402
97,13,3,6,51.916697000000006
97,13,4,3,36.964585
97,13,6,0,11.539276
97,13,6,1,1.6197453999999998
97,13,6,3,49.13691930000001
97,13,6,6,50.845879000000004
97,13,6,7,27.648453
97,13,7,0,9.285485999999999
97,13,7,3,41.95076900000001
97,13,7,4,5.780363400000001
97,13,7,6,30.549694000000002
97,13,8,5,1.6197453999999998
97,14,0,3,27.867532000000004
97,14,0,6,1.9038985
97,14,3,0,16.177168
97,14,3,3,35.623494199999996
97,14,3,6,51.004842
97,14,6,0,5.2606309
97,14,6,3,62.08273399999999
97,14,6,6,42.634690000000006
97,14,7,3,28.660457000000008
97,14,7,4,36.964585
97,14,7,6,20.926668000000003
97,15,0,6,1.9038985
97,15,3,0,2.7217267
97,15,3,1,7.4947040000000005
97,15,3,3,34.2715289
97,15,3,6,27.863248000000002
97,15,6,0,4.500595400000001
97,15,6,1,16.177168
97,15,6,3,74.90779800000001
97,15,6,4,10.916591700000001
97,15,6,6,47.7330938
97,15,6,7,24.033177
97,16,0,0,9.182222000000001
97,16,0,3,1.9038985
97,16,3,3,28.187303200000006
97,16,3,4,9.081653000000001
97,16,4,4,17.670436
97,16,6,0,31.214482599999997
97,16,6,1,16.177168
97,16,6,3,19.1124073
97,16,6,4,5.3328058
97,16,6,6,26.100767000000005
97,16,7,3,5.6876792
97,17,3,3,24.8849804
97,17,3,8,30.681216999999997
97,17,6,0,27.648453
97,17,6,6,19.574334499999996
97,18,3,1,3.993090500000001
97,18,6,0,27.648453
97,18,7,3,7.4947040000000005
97,18,7,4,3.993090500000001
97,19,7,4,3.993090500000001
97,19,7,5,3.993090500000001
98,9,3,3,36.405705
98,9,4,4,18.584797000000002
98,9,7,7,24.033177
98,10,1,7,36.405705
98,10,3,3,36.405705
98,10,4,1,7.4947040000000005
98,10,4,4,21.183805999999997
98,10,4,7,19.317263000000004
98,10,6,3,29.438360000000003
98,10,6,6,30.534706999999997
98,10,6,7,20.314154
98,10,7,1,9.511866000000001
98,10,7,3,10.286844399999998
98,10,7,4,5.5619095
98,10,7,6,11.10179
98,10,7,7,40.558469
98,11,1,3,36.405705
98,11,3,1,7.240030000000001
98,11,3,3,41.9894909
98,11,3,4,12.864270999999999
98,11,3,7,29.568973000000003
98,11,4,1,12.873280000000001
98,11,4,3,9.945369
98,11,5,5,36.405705
98,11,6,3,71.221367
98,11,6,6,33.528921999999994
98,11,6,7,34.998429900000005
98,11,6,8,7.296002
98,11,7,0,25.423761999999996
98,11,7,1,6.6861459
98,11,7,3,19.195756999999997
98,11,7,4,44.84564700000001
98,11,7,6,17.358698000000004
98,11,7,7,35.043932000000005
98,11,8,0,1.3734469000000002
98,11,8,3,34.74071299999999
98,11,8,6,9.453492999999998
98,12,3,1,14.692145999999997
98,12,3,3,44.4456663
98,12,3,4,5.5837859000000005
98,12,3,6,14.750063999999998
98,12,3,7,18.509694000000003
98,12,4,1,16.350096
98,12,6,0,1.6197453999999998
98,12,6,3,40.70631040000001
98,12,6,6,42.77049000000001
98,12,6,7,12.326243999999999
98,12,6,8,24.000452000000003
98,12,7,0,18.738055000000003
98,12,7,1,8.849134
98,12,7,3,30.85680500000001
98,12,7,4,7.837074000000001
98,12,7,6,26.289507999999994
98,12,7,7,53.586519
98,12,8,0,9.081653000000001
98,12,8,3,12.277594
98,12,8,6,14.315861
98,13,3,3,30.681216999999997
98,13,3,4,5.5837859000000005
98,13,3,7,18.509694000000003
98,13,4,0,5.3094076
98,13,6,0,2.7217267
98,13,6,3,50.048159000000005
98,13,6,6,31.933572999999996
98,13,6,7,15.497272
98,13,7,0,13.254073000000002
98,13,7,1,9.945369
98,13,7,3,12.912725000000002
98,13,7,4,1.6197453999999998
98,13,7,6,9.126543999999999
98,13,8,6,7.706852999999999
98,14,3,3,30.681216999999997
98,14,6,3,2.7217267
98,14,7,0,2.5269398
98,15,3,1,7.4947040000000005
98,15,7,3,2.5269398
98,16,3,3,7.4947040000000005
98,17,3,4,7.4947040000000005
98,18,6,3,7.4947040000000005
99,9,3,3,36.405705
99,9,4,4,17.670436
99,9,6,7,3.8190802999999995
99,9,7,3,21.183805999999997
99,9,7,7,40.023356799999995
99,10,3,1,15.848672
99,10,4,4,19.317263000000004
99,10,4,6,5.3094076
99,10,5,3,17.670436
99,10,5,5,36.405705
99,10,6,1,7.4947040000000005
99,10,6,6,34.10269099999999
99,10,6,7,29.568973000000003
99,10,7,1,10.517822
99,10,7,3,12.7824788
99,10,7,4,18.584797000000002
99,10,7,6,5.4654831
99,10,7,7,50.30752299999999
99,10,8,3,12.821697
99,10,8,7,12.864270999999999
99,11,3,1,8.425766999999999
99,11,3,4,19.988843
99,11,4,4,36.964585
99,11,5,1,19.988843
99,11,5,5,36.405705
99,11,5,6,1.1931829
99,11,6,3,37.124052
99,11,6,6,47.285630000000005
99,11,6,7,24.767498
99,11,7,1,10.944808
99,11,7,3,8.4282772
99,11,7,4,5.6042798000000005
99,11,7,6,40.081272000000006
99,11,7,7,34.42593839999999
99,11,8,3,38.20163900000001
99,11,8,6,10.801987
99,12,6,3,12.821697
99,12,6,6,7.706852999999999
99,12,6,7,24.302355000000002
99,12,6,8,27.648453
99,12,7,1,9.00403
99,12,7,3,2.5269398
99,12,7,4,16.350096
99,12,7,6,34.534451
99,12,7,7,22.0037041
99,12,8,3,9.126543999999999
99,12,8,5,1.6197453999999998
99,12,8,6,15.690661000000002
100,9,6,7,32.54190800000001
100,9,7,4,21.183805999999997
100,9,7,7,42.70397319999999
100,10,4,1,13.975059
100,10,4,7,12.526829000000001
100,10,5,6,18.92093
100,10,6,3,24.302355000000002
100,10,6,6,22.536171000000003
100,10,6,7,58.98361700000001
100,10,7,1,13.975059
100,10,7,3,19.392240000000005
100,10,7,4,18.584797000000002
100,10,7,6,16.937914000000003
100,10,7,7,44.01661249999999
100,10,7,8,24.033177
100,10,8,3,12.821697
100,10,8,6,10.428579
100,10,8,8,17.670436
100,11,4,1,15.848672
100,11,4,4,15.241023
100,11,4,7,12.793886
100,11,6,3,33.384008
100,11,6,4,36.964585
100,11,6,6,20.595302000000004
100,11,6,7,15.590414
100,11,7,1,18.399045
100,11,7,3,11.7894294
100,11,7,4,9.36257
100,11,7,6,70.364532
100,11,7,7,48.236356000000015
100,11,8,3,14.614999
100,11,8,6,21.970722200000008
100,11,8,7,18.951534
100,11,8,8,17.670436
100,12,6,3,9.081653000000001
100,12,6,7,27.648453
100,12,7,6,23.1166579
100,12,7,7,25.266129
100,12,8,6,9.126543999999999
101,9,6,6,24.302355000000002
101,9,6,7,42.213808
101,9,7,4,21.183805999999997
101,9,7,7,45.4548752
101,10,4,7,4.4482249
101,10,5,6,13.510769999999997
101,10,5,7,2.7437564
101,10,6,6,14.282338
101,10,6,7,29.414644000000003
101,10,6,8,13.371743
101,10,7,1,9.003134
101,10,7,3,56.70620340000002
101,10,7,4,32.868549
101,10,7,6,22.4194621
101,10,7,7,35.7695982
101,10,7,8,5.994883300000001
101,10,8,6,22.72578
101,10,8,7,36.2696397
101,10,8,8,30.951627000000002
101,11,5,6,8.004829
101,11,5,7,4.9217427
101,11,6,6,16.507645
101,11,6,7,1.9038985
101,11,7,1,14.760297999999999
101,11,7,3,56.70620340000002
101,11,7,4,17.766567000000002
101,11,7,6,57.3989381
101,11,7,7,37.298596999999994
101,11,7,8,5.994883300000001
101,11,8,3,14.614999
101,11,8,6,24.819487000000006
101,11,8,8,43.06086400000001
101,12,5,5,31.748303999999997
101,12,7,7,25.266129
101,12,8,8,14.022434999999998
102,8,7,0,30.681216999999997
102,9,4,7,1.6424226000000002
102,9,6,6,16.048529000000002
102,9,6,7,29.568973000000003
102,9,7,0,30.681216999999997
102,9,7,7,41.845253799999995
102,9,7,8,3.8190802999999995
102,9,8,6,13.681325000000001
102,9,8,8,12.864270999999999
102,10,4,6,4.9217427
102,10,4,7,18.077815
102,10,5,6,1.4266294
102,10,5,7,5.3328058
102,10,6,6,11.219193999999998
102,10,6,8,29.414644000000003
102,10,7,1,15.241023
102,10,7,3,8.004829
102,10,7,4,43.96636300000001
102,10,7,6,66.693774
102,10,7,7,70.9172471
102,10,7,8,13.371743
102,10,8,6,63.112581000000006
102,10,8,7,47.525065000000005
102,10,8,8,10.113347999999998
102,11,2,4,36.964585
102,11,4,4,34.479662
102,11,4,7,27.648453
102,11,5,5,8.363341
102,11,5,6,8.004829
102,11,5,7,4.9217427
102,11,6,6,5.598432000000001
102,11,6,8,5.994883300000001
102,11,7,1,16.350096
102,11,7,4,19.5902756
102,11,7,6,31.241902999999994
102,11,7,7,60.464194000000006
102,11,7,8,13.371743
102,11,8,4,6.6090129
102,11,8,6,45.479462
102,11,8,8,6.198506999999999
102,12,5,8,31.748303999999997
102,12,7,7,26.076000999999998
102,12,8,8,10.251535
103,8,7,7,30.681216999999997
103,9,4,7,1.6424226000000002
103,9,5,6,13.681325000000001
103,9,6,6,19.473013
103,9,6,7,55.650251999999995
103,9,6,8,29.414644000000003
103,9,7,3,20.753166
103,9,7,7,31.681876799999998
103,9,8,5,29.568973000000003
103,10,4,3,2.7217267
103,10,4,4,13.361648999999998
103,10,4,7,2.4789092999999998
103,10,5,5,29.568973000000003
103,10,5,6,3.4413708
103,10,6,6,19.473013
103,10,6,7,28.556003000000004
103,10,7,3,28.757995000000008
103,10,7,4,9.836337
103,10,7,6,17.204292
103,10,7,7,85.1733169
103,10,8,5,24.302355000000002
103,10,8,6,67.884187
103,10,8,8,8.182859999999998
103,11,4,7,1.4266294
103,11,6,6,22.353198000000003
103,11,6,8,5.994883300000001
103,11,7,4,36.964585
103,11,7,6,34.2574659
103,11,7,7,58.79943020000001
103,11,7,8,26.579217
103,11,8,5,8.363341
103,11,8,6,6.3596792
103,11,8,8,36.197924
103,12,6,3,17.670436
103,12,7,7,18.710293000000004
103,12,8,5,8.363341
103,12,8,7,25.005708000000002
103,12,8,8,29.760296999999998
103,13,8,8,10.251535
104,8,7,7,30.681216999999997
104,9,4,4,20.753166
104,9,4,7,1.6424226000000002
104,9,5,6,13.681325000000001
104,9,6,3,5.994883300000001
104,9,6,7,28.556003000000004
104,9,6,8,29.414644000000003
104,9,7,7,18.772474
104,9,7,8,18.509694000000003
104,10,3,3,5.994883300000001
104,10,4,1,7.620514999999999
104,10,4,4,11.926117
104,10,4,7,10.800068999999999
104,10,5,7,5.6870191
104,10,6,7,5.5837859000000005
104,10,7,4,14.445736199999995
104,10,7,6,50.36100999999999
104,10,7,7,59.796136399999995
104,10,8,5,24.302355000000002
104,10,8,6,15.843611
104,11,4,7,18.788769300000002
104,11,6,5,13.371743
104,11,7,4,36.074857
104,11,7,6,27.648453
104,11,7,7,58.455614
104,11,7,8,9.182222000000001
104,11,8,5,31.714613
104,11,8,6,10.922960999999999
104,11,8,7,14.614999
104,11,8,8,49.607732999999996
104,12,5,5,7.412258000000001
104,12,6,3,17.670436
104,12,7,7,40.691
104,12,8,5,10.785817000000002
104,12,8,7,25.005708000000002
104,12,8,8,52.650507000000005
104,13,5,5,7.412258000000001
104,13,8,8,41.421737
104,14,8,8,14.884457
105,8,4,4,30.681216999999997
105,8,6,6,13.510202999999999
105,9,5,6,13.681325000000001
105,9,6,6,13.510202999999999
105,9,6,7,5.5837859000000005
105,9,6,8,29.414644000000003
105,9,7,4,20.753166
105,9,7,6,10.900085
105,9,7,7,53.72130190000002
105,9,8,7,31.347897
105,10,4,4,8.46559
105,10,4,7,6.069890399999999
105,10,5,5,11.539276
105,10,5,7,1.1931829
105,10,6,6,37.231837999999996
105,10,6,7,24.033177
105,10,7,1,15.241023
105,10,7,3,12.526829000000001
105,10,7,4,11.493685
105,10,7,6,45.39895639999999
105,10,7,7,70.99726200000002
105,10,7,8,4.154685499999999
105,10,8,6,3.5660296
105,10,8,7,31.347897
105,11,4,0,1.4266294
105,11,4,4,36.964585
105,11,5,5,47.26932000000001
105,11,5,7,1.1931829
105,11,5,8,5.3328058
105,11,6,6,27.8997096
105,11,7,4,7.933953999999998
105,11,7,7,71.584408
105,11,7,8,37.4197705
105,11,8,5,24.302355000000002
105,12,5,5,42.2560327
105,12,5,8,28.072884000000005
105,12,6,6,26.076000999999998
105,12,7,7,14.614999
105,12,7,8,33.265085000000006
105,12,8,5,24.302355000000002
105,12,8,8,34.5719248
105,13,5,5,50.278836999999996
105,13,5,8,18.287276
105,13,6,7,27.802795999999997
105,13,8,8,35.598507000000005
105,14,2,8,4.6465706
105,14,5,5,35.730044
105,14,5,8,23.304253
105,14,8,8,28.373547999999996
105,15,5,5,35.730044
105,15,7,8,1.6197453999999998
105,15,8,5,4.6465706
105,15,8,8,24.361504999999998
105,16,5,5,35.730044
105,17,5,5,35.730044
106,8,6,6,13.510202999999999
106,8,7,7,30.681216999999997
106,9,4,3,21.183805999999997
106,9,6,7,18.509694000000003
106,9,6,8,29.414644000000003
106,9,7,3,1.4266294
106,9,7,6,3.6945327999999993
106,9,7,7,72.211265
106,9,8,6,38.54853800000001
106,10,3,3,27.802795999999997
106,10,4,4,29.188635
106,10,4,7,11.392947999999999
106,10,6,6,24.410150800000004
106,10,7,3,1.4266294
106,10,7,4,19.988843
106,10,7,6,53.13488600000001
106,10,7,7,81.83960960000002
106,10,8,6,27.648453
106,10,8,7,31.347897
106,11,3,3,27.802795999999997
106,11,4,4,9.945369
106,11,4,7,34.479662
106,11,6,6,26.076000999999998
106,11,6,7,14.614999
106,11,7,3,1.4266294
106,11,7,4,36.964585
106,11,7,6,25.885853
106,11,7,7,51.54115470000002
106,11,8,8,3.4413708
106,12,3,3,27.802795999999997
106,12,5,5,5.3478684
106,12,6,7,14.614999
106,12,7,8,33.265085000000006
106,12,8,8,8.363341
106,13,5,5,5.3478684
106,13,5,8,53.972527
106,13,6,6,27.802795999999997
106,13,7,8,5.3328058
106,13,8,5,8.363341
106,13,8,8,24.302355000000002
106,14,5,5,5.3478684
106,14,5,8,36.544984
106,14,7,8,5.3328058
106,14,8,5,8.363341
106,14,8,8,25.420478999999997
106,15,5,5,15.097362000000004
106,15,5,8,23.770334000000002
106,15,7,8,1.6197453999999998
106,15,8,5,4.6465706
106,15,8,8,48.867385000000006
106,16,4,5,4.6465706
106,16,5,5,18.951534
106,16,5,8,1.1931829
106,16,8,7,20.460447
106,16,8,8,11.6268845
106,17,5,5,12.058828600000002
106,17,5,8,11.539276
106,17,7,7,1.1931829
106,17,8,5,35.730044
106,18,5,5,4.6465706
106,18,7,7,35.730044
106,18,8,8,7.412258000000001
106,19,5,5,4.6465706
106,20,7,7,4.6465706
107,8,7,7,21.428252999999998
107,9,5,8,10.900085
107,9,6,6,20.715618
107,9,6,7,24.033177
107,9,6,8,29.414644000000003
107,9,7,6,12.821697
107,9,7,7,60.980605000000004
107,9,8,6,29.0750824
107,9,8,7,12.821697
107,10,4,7,19.317263000000004
107,10,6,6,20.715618
107,10,6,7,31.347897
107,10,7,6,24.733113999999997
107,10,7,7,60.51814860000001
107,10,8,7,10.900085
107,11,7,7,57.279800200000004
107,12,8,8,33.265085000000006
107,13,8,8,33.265085000000006
107,14,5,5,5.3328058
107,14,8,5,8.363341
107,14,8,8,37.166626
107,15,5,5,5.3328058
107,15,5,8,29.568973000000003
107,15,7,7,7.407070999999999
107,15,8,5,8.363341
107,15,8,8,38.250569
107,16,4,5,14.967491
107,16,4,7,7.407070999999999
107,16,5,5,5.3328058
107,16,5,7,29.568973000000003
107,16,7,7,4.154685499999999
107,16,8,5,8.363341
107,16,8,7,20.460447
107,16,8,8,32.504248000000004
107,17,5,5,5.3328058
107,17,7,7,1.1931829
107,17,8,5,8.363341
107,17,8,8,19.146456
107,18,7,7,35.730044
107,18,8,5,8.363341
107,18,8,8,24.284336999999997
107,19,7,7,8.363341
107,19,8,8,7.412258000000001
107,20,7,7,4.6465706
108,8,6,6,20.715618
108,8,7,7,27.0120389
108,9,6,3,20.715618
108,9,6,7,24.033177
108,9,6,8,29.414644000000003
108,9,7,6,29.220816799999998
108,9,7,7,72.35614399999999
108,9,8,6,27.648453
108,9,8,8,31.940531000000004
108,10,4,7,15.848672
108,10,7,3,6.670365800000001
108,10,7,6,35.238623000000004
108,10,7,7,71.71750530000001
108,10,8,7,8.004829
108,10,8,8,31.940531000000004
108,11,4,4,34.479662
108,11,6,6,14.614999
108,11,7,7,68.90214520000002
108,11,8,6,13.371743
108,14,8,8,33.265085000000006
108,15,7,8,12.864270999999999
108,15,8,8,21.113904
108,16,7,5,14.967491
108,16,7,7,33.7758575
108,16,7,8,31.748303999999997
108,16,8,7,29.568973000000003
108,16,8,8,28.102270000000004
108,17,7,7,17.726790899999997
108,17,7,8,31.748303999999997
108,17,8,7,29.568973000000003
108,17,8,8,6.596895900000001
108,18,7,7,41.0628498
108,18,8,8,19.146456
108,19,7,7,15.775599000000001
108,19,8,7,11.539276
108,20,7,7,4.6465706
109,8,6,7,20.715618
109,8,7,7,36.2650029
109,8,8,8,5.994883300000001
109,9,6,6,11.10179
109,9,6,8,29.414644000000003
109,9,7,6,56.278062399999996
109,9,7,7,40.786186
109,9,7,8,5.5837859000000005
109,9,8,8,10.220049
109,10,6,6,14.750063999999998
109,10,6,7,10.900085
109,10,7,6,6.6090129
109,10,7,7,87.19331600000001
109,10,7,8,9.404359999999999
109,10,8,8,11.562418
109,11,7,7,51.73596120000002
109,15,7,8,12.864270999999999
109,15,8,8,33.265085000000006
109,16,6,6,12.864270999999999
109,16,7,7,24.615132499999998
109,16,8,8,24.302355000000002
109,17,7,7,19.3465363
109,17,7,8,31.748303999999997
109,17,8,7,29.568973000000003
109,17,8,8,15.133047999999999
109,18,7,5,2.9658993
109,18,7,7,41.0628498
109,18,7,8,11.749493000000001
109,18,8,8,8.694819
109,19,6,7,19.161751
109,19,7,5,2.9658993
109,19,7,7,19.902617
109,19,7,8,7.296002
109,20,7,7,4.6465706
110,8,7,6,25.885853
110,8,7,7,44.748795
110,8,8,8,30.681216999999997
110,9,6,8,29.414644000000003
110,9,7,6,53.53430599999999
110,9,7,7,45.65400700000001
110,9,7,8,5.5837859000000005
110,9,8,7,12.996923800000001
110,9,8,8,22.427398000000004
110,10,6,6,22.536171000000003
110,10,7,7,65.401812
110,10,8,8,17.934274400000003
110,11,6,5,17.670436
110,11,6,7,9.182222000000001
110,11,7,7,51.7595512
110,15,8,8,12.864270999999999
110,16,7,7,20.460447
110,16,8,7,4.154685499999999
110,16,8,8,46.129356
110,17,6,8,1.6197453999999998
110,17,7,7,65.35427289999998
110,17,8,7,4.154685499999999
110,17,8,8,24.302355000000002
110,18,6,6,19.161751
110,18,7,7,31.893542800000002
110,18,8,8,24.302355000000002
110,19,6,6,19.161751
110,19,7,5,2.9658993
110,19,7,7,15.867733
110,20,6,6,4.6465706
111,8,7,6,25.885853
111,8,7,7,44.748795
111,9,6,6,1.9038985
111,9,6,8,29.414644000000003
111,9,7,6,22.536171000000003
111,9,7,7,62.37784769999999
111,9,8,7,13.681325000000001
111,9,8,8,30.681216999999997
111,10,6,6,19.473013
111,10,7,6,22.536171000000003
111,10,7,7,68.58912900000001
111,10,8,7,7.706852999999999
111,10,8,8,43.649228
111,11,6,8,17.670436
111,11,7,7,60.94175919999999
111,11,8,8,26.076000999999998
111,15,3,3,8.363341
111,16,3,3,8.363341
111,16,7,7,53.72553200000001
111,16,8,8,12.864270999999999
111,17,6,7,31.748303999999997
111,17,6,8,1.6197453999999998
111,17,7,7,75.58901840000003
111,17,8,8,9.126543999999999
111,18,6,6,11.749493000000001
111,18,7,7,40.9913588
111,18,8,8,33.42889900000001
111,19,6,8,2.9658993
111,19,7,7,15.480191299999996
111,19,8,8,19.245680999999998
111,20,8,8,10.113347999999998
112,8,7,4,24.033177
112,8,7,7,46.601471000000004
112,9,6,8,29.414644000000003
112,9,7,6,4.647654899999999
112,9,7,7,52.966157999999986
112,9,8,8,50.33896700000001
112,10,6,6,16.507645
112,10,7,6,6.6090129
112,10,7,7,75.754945
112,10,8,7,1.3734469000000002
112,10,8,8,55.20944800000001
112,11,6,8,17.670436
112,11,7,7,68.64861919999997
112,11,8,8,30.611230999999997
112,12,8,8,26.076000999999998
112,16,3,0,8.363341
112,16,6,6,12.864270999999999
112,16,6,7,31.748303999999997
112,16,7,7,28.823787999999997
112,17,3,3,8.363341
112,17,6,7,31.748303999999997
112,17,6,8,1.6197453999999998
112,17,7,7,71.4073514
112,18,3,3,8.363341
112,18,6,6,4.6465706
112,18,7,7,33.66671
112,18,8,8,17.0822988
112,19,6,6,4.6465706
112,19,6,8,2.9658993
112,19,7,7,11.539276
112,19,8,8,25.987159799999997
112,20,8,8,18.029683
112,21,8,8,10.113347999999998
113,8,7,4,24.033177
113,8,7,7,46.601471000000004
113,9,6,8,29.414644000000003
113,9,7,6,8.3191675
113,9,7,7,58.66112
113,9,8,8,19.473013
113,10,4,7,8.004829
113,10,7,7,85.11580000000001
113,10,8,8,50.128771
113,11,6,8,17.670436
113,11,7,7,66.00690319999998
113,11,8,8,80.403764
113,12,8,8,27.502630399999997
113,15,6,6,12.864270999999999
113,16,6,3,33.265085000000006
113,16,6,5,31.748303999999997
113,16,6,6,12.864270999999999
113,16,7,7,20.460447
113,17,6,6,9.426207
113,17,6,8,1.6197453999999998
113,17,7,6,33.265085000000006
113,17,7,7,50.687274400000014
113,18,6,6,9.426207
113,18,7,7,33.66671
113,19,6,8,2.9658993
113,19,7,7,16.872079
113,20,7,7,24.302355000000002
113,20,8,8,7.296002
113,21,7,8,7.296002
113,21,8,8,10.113347999999998
114,8,7,7,48.430432399999994
114,9,6,8,29.414644000000003
114,9,7,6,26.130374900000003
114,9,7,7,32.34464100000001
114,9,8,6,5.5754111
114,9,8,8,27.648453
114,10,7,6,10.922960999999999
114,10,7,7,76.036716
114,10,8,8,14.661094000000002
114,11,6,8,17.670436
114,11,7,7,65.51443919999998
114,11,8,8,57.77425500000001
114,12,7,6,1.4266294
114,12,7,7,13.681325000000001
114,12,8,7,26.076000999999998
114,12,8,8,58.48401300000001
114,14,6,6,12.864270999999999
114,15,6,3,33.265085000000006
114,15,6,6,12.864270999999999
114,16,6,3,33.265085000000006
114,16,6,6,9.426207
114,16,6,8,31.748303999999997
114,16,7,7,20.460447
114,17,6,6,9.426207
114,17,6,8,1.6197453999999998
114,17,7,7,50.687274400000014
114,18,7,7,35.658553000000005
114,18,8,7,9.126543999999999
114,19,6,6,24.302355000000002
114,19,6,8,2.9658993
114,19,7,7,16.872079
114,20,6,6,24.302355000000002
114,21,7,7,7.296002
114,21,8,8,10.113347999999998
115,8,7,7,48.430432399999994
115,9,6,8,29.414644000000003
115,9,7,4,21.183805999999997
115,9,7,6,10.922960999999999
115,9,7,7,39.34694399999999
115,10,6,6,22.536171000000003
115,10,7,7,83.59070299999999
115,10,8,8,27.648453
115,11,6,8,17.670436
115,11,7,6,1.4266294
115,11,7,7,65.81921219999998
115,11,8,8,14.661094000000002
115,12,7,6,1.4266294
115,12,7,7,13.681325000000001
115,12,8,7,26.076000999999998
115,12,8,8,45.99623700000001
115,13,8,7,26.076000999999998
115,13,8,8,58.48401300000001
115,14,6,6,33.265085000000006
115,14,8,8,12.864270999999999
115,15,6,6,26.615918
115,15,6,7,14.967491
115,15,8,8,12.864270999999999
115,16,6,0,14.967491
115,16,6,6,9.426207
115,16,6,8,31.748303999999997
115,16,7,7,20.460447
115,17,6,0,14.967491
115,17,6,8,1.6197453999999998
115,17,7,7,46.5325889
115,17,8,8,4.154685499999999
115,18,6,0,14.967491
115,18,6,6,24.302355000000002
115,18,7,7,41.150459
115,18,8,8,4.154685499999999
115,19,6,6,24.302355000000002
115,19,6,8,2.9658993
115,19,7,7,25.998623000000002
115,21,7,7,6.4653449
116,8,7,7,58.59434839999999
116,9,6,8,29.414644000000003
116,9,7,4,21.183805999999997
116,9,7,7,41.690578999999985
116,9,8,7,5.5754111
116,10,7,7,80.85592899999997
116,10,8,8,53.884068000000006
116,11,6,8,17.670436
116,11,7,6,14.614999
116,11,7,7,55.7240012
116,11,8,8,15.381225999999998
116,12,7,7,13.681325000000001
116,12,8,8,14.661094000000002
116,13,6,7,33.265085000000006
116,13,8,7,26.076000999999998
116,13,8,8,45.99623700000001
116,14,6,6,9.426207
116,14,6,7,33.265085000000006
116,14,8,8,30.681216999999997
116,15,6,6,9.426207
116,15,6,7,14.967491
116,15,8,8,12.864270999999999
116,16,6,8,31.748303999999997
116,16,7,7,20.460447
116,16,7,8,12.864270999999999
116,17,6,6,24.302355000000002
116,17,6,7,29.568973000000003
116,17,6,8,1.6197453999999998
116,17,7,7,16.963594899999997
116,18,6,6,24.302355000000002
116,18,7,7,43.142302
116,18,8,8,4.154685499999999
116,19,7,5,2.9658993
116,19,7,7,25.998623000000002
116,21,7,7,6.4653449
117,8,7,7,58.59434839999999
117,9,6,8,29.414644000000003
117,9,7,5,21.183805999999997
117,9,7,7,41.690578999999985
117,9,8,7,5.5754111
117,9,8,8,24.033177
117,10,7,5,29.414644000000003
117,10,7,7,80.85592899999997
117,10,8,8,31.347897
117,11,6,8,17.670436
117,11,7,7,55.7240012
117,11,8,8,63.907949000000016
117,12,7,7,13.681325000000001
117,12,8,8,24.651011
117,13,6,6,37.229003
117,13,6,8,33.265085000000006
117,13,8,7,26.076000999999998
117,13,8,8,14.661094000000002
117,14,6,6,9.426207
117,14,6,7,14.967491
117,14,8,7,26.076000999999998
117,14,8,8,18.193441000000004
117,15,6,7,14.967491
117,15,8,8,30.681216999999997
117,16,6,6,24.302355000000002
117,16,6,8,31.748303999999997
117,16,7,7,33.324718000000004
117,17,6,6,24.302355000000002
117,17,6,8,1.6197453999999998
117,17,7,7,46.5325889
117,18,7,7,47.296987500000014
117,19,7,5,2.9658993
117,19,7,7,25.998623000000002
117,20,7,5,2.9658993
117,21,7,2,2.9658993
117,21,7,7,6.4653449
118,8,7,7,34.5611644
118,9,7,4,21.183805999999997
118,9,7,7,35.0815689
118,9,8,7,12.184424000000003
118,9,8,8,24.033177
118,10,7,5,29.414644000000003
118,10,7,7,74.409258
118,10,8,7,12.184424000000003
118,11,6,8,17.670436
118,11,7,7,68.60136920000001
118,12,6,6,9.426207
118,12,7,7,28.296323999999995
118,13,6,6,9.426207
118,13,6,8,33.265085000000006
118,13,7,7,27.802795999999997
118,13,8,8,24.651011
118,14,6,7,14.967491
118,14,8,7,26.076000999999998
118,14,8,8,14.661094000000002
118,15,8,8,18.193441000000004
118,16,6,8,31.748303999999997
118,16,7,7,57.627072999999996
118,16,8,8,30.681216999999997
118,17,6,8,1.6197453999999998
118,17,7,7,46.5325889
118,18,6,6,5.3328058
118,18,7,7,47.296987500000014
118,19,6,6,5.3328058
118,19,7,7,20.665820000000004
118,21,7,5,2.9658993
118,21,7,7,6.4653449
119,8,7,7,34.5611644
119,9,7,4,21.183805999999997
119,9,7,7,30.808194900000007
119,10,7,7,69.82934699999998
119,10,7,8,29.414644000000003
119,10,8,7,12.184424000000003
119,11,6,6,15.886996999999997
119,11,6,8,17.670436
119,11,7,7,71.24308519999998
119,11,7,8,29.414644000000003
119,12,6,6,9.426207
119,12,7,7,28.296323999999995
119,13,6,7,14.967491
119,13,6,8,33.265085000000006
119,13,7,7,27.802795999999997
119,14,6,7,14.967491
119,14,8,7,26.076000999999998
119,14,8,8,27.648453
119,15,8,7,26.076000999999998
119,15,8,8,14.661094000000002
119,16,6,8,31.748303999999997
119,16,7,7,33.324718000000004
119,16,7,8,24.302355000000002
119,16,8,8,18.193441000000004
119,17,6,8,1.6197453999999998
119,17,7,7,46.5325889
119,17,8,8,30.681216999999997
119,18,7,7,46.39776540000001
119,19,7,7,20.665820000000004
119,21,7,7,6.4653449
119,21,7,8,2.9658993
